wavelength(nm) Cross_section(nm^2)
400   0.02817386
401   0.02791693
402   0.02766605
403   0.02742044
404   0.02717935
405   0.02694205
406   0.02670781
407   0.02647597
408   0.02624584
409   0.02601679
410   0.02578817
411   0.02555939
412   0.02532986
413   0.02509901
414   0.02486636
415   0.02463221
416   0.02439728
417   0.02416228
418   0.02392789
419   0.02369475
420   0.02346352
421   0.02323478
422   0.02300912
423   0.02278710
424   0.02256926
425   0.02235612
426   0.02214818
427   0.02194593
428   0.02174984
429   0.02156037
430   0.02137799
431   0.02120312
432   0.02103564
433   0.02087493
434   0.02072032
435   0.02057121
436   0.02042698
437   0.02028704
438   0.02015080
439   0.02001768
440   0.01988712
441   0.01975854
442   0.01963139
443   0.01950511
444   0.01937914
445   0.01925294
446   0.01912596
447   0.01899764
448   0.01886746
449   0.01873487
450   0.01859936
451   0.01846039
452   0.01831775
453   0.01817201
454   0.01802392
455   0.01787420
456   0.01772356
457   0.01757271
458   0.01742233
459   0.01727311
460   0.01712569
461   0.01698074
462   0.01683888
463   0.01670074
464   0.01656695
465   0.01643810
466   0.01631482
467   0.01619772
468   0.01608740
469   0.01598450
470   0.01588965
471   0.01580351
472   0.01572676
473   0.01565993
474   0.01560346
475   0.01555782
476   0.01552352
477   0.01550112
478   0.01549123
479   0.01549450
480   0.01551166
481   0.01554351
482   0.01559089
483   0.01565476
484   0.01573614
485   0.01583617
486   0.01595610
487   0.01609728
488   0.01626122
489   0.01644957
490   0.01666417
491   0.01690703
492   0.01718036
493   0.01748664
494   0.01782857
495   0.01820918
496   0.01863179
497   0.01909959
498   0.01961454
499   0.02017840
500   0.02079296
501   0.02146001
502   0.02218124
503   0.02295822
504   0.02379227
505   0.02468441
506   0.02563519
507   0.02664460
508   0.02771188
509   0.02883537
510   0.03001231
511   0.03123866
512   0.03250889
513   0.03381581
514   0.03515043
515   0.03650185
516   0.03785722
517   0.03920181
518   0.04051918
519   0.04179147
520   0.04299985
521   0.04412506
522   0.04514988
523   0.04606371
524   0.04685873
525   0.04752922
526   0.04807165
527   0.04848474
528   0.04876939
529   0.04892855
530   0.04896702
531   0.04889117
532   0.04870864
533   0.04842807
534   0.04805874
535   0.04761031
536   0.04709256
537   0.04651514
538   0.04588739
539   0.04521823
540   0.04451598
541   0.04378836
542   0.04304237
543   0.04228436
544   0.04151996
545   0.04075412
546   0.03999119
547   0.03923487
548   0.03848834
549   0.03775423
550   0.03703388
551   0.03632728
552   0.03563433
553   0.03495491
554   0.03428885
555   0.03363600
556   0.03299618
557   0.03236918
558   0.03175481
559   0.03115286
560   0.03056312
561   0.02998537
562   0.02941939
563   0.02886497
564   0.02832188
565   0.02778992
566   0.02726885
567   0.02675846
568   0.02625855
569   0.02576889
570   0.02528928
571   0.02481952
572   0.02435940
573   0.02390872
574   0.02346729
575   0.02303491
576   0.02261140
577   0.02219657
578   0.02179024
579   0.02139222
580   0.02100235
581   0.02062044
582   0.02024634
583   0.01987989
584   0.01952109
585   0.01916993
586   0.01882641
587   0.01849048
588   0.01816208
589   0.01784116
590   0.01752763
591   0.01722139
592   0.01692235
593   0.01663039
594   0.01634538
595   0.01606722
596   0.01579576
597   0.01553088
598   0.01527245
599   0.01502031
600   0.01477434
601   0.01453439
602   0.01430033
603   0.01407202
604   0.01384932
605   0.01363208
606   0.01342018
607   0.01321348
608   0.01301185
609   0.01281516
610   0.01262327
611   0.01243607
612   0.01225343
613   0.01207522
614   0.01190134
615   0.01173167
616   0.01156608
617   0.01140449
618   0.01124675
619   0.01109274
620   0.01094232
621   0.01079535
622   0.01065171
623   0.01051129
624   0.01037397
625   0.01023964
626   0.01010820
627   0.00997955
628   0.00985360
629   0.00973027
630   0.00960945
631   0.00949108
632   0.00937508
633   0.00926136
634   0.00914986
635   0.00904051
636   0.00893324
637   0.00882799
638   0.00872470
639   0.00862331
640   0.00852377
641   0.00842602
642   0.00833001
643   0.00823569
644   0.00814302
645   0.00805194
646   0.00796241
647   0.00787440
648   0.00778786
649   0.00770275
650   0.00761903
651   0.00753666
652   0.00745562
653   0.00737587
654   0.00729737
655   0.00722009
656   0.00714401
657   0.00706909
658   0.00699530
659   0.00692262
660   0.00685102
661   0.00678047
662   0.00671097
663   0.00664248
664   0.00657500
665   0.00650849
666   0.00644295
667   0.00637836
668   0.00631469
669   0.00625193
670   0.00619007
671   0.00612909
672   0.00606897
673   0.00600970
674   0.00595126
675   0.00589364
676   0.00583681
677   0.00578078
678   0.00572552
679   0.00567102
680   0.00561726
681   0.00556424
682   0.00551194
683   0.00546035
684   0.00540945
685   0.00535923
686   0.00530968
687   0.00526080
688   0.00521256
689   0.00516495
690   0.00511798
691   0.00507161
692   0.00502585
693   0.00498069
694   0.00493611
695   0.00489210
696   0.00484866
697   0.00480577
698   0.00476343
699   0.00472162
700   0.00468034
701   0.00463959
702   0.00459934
703   0.00455959
704   0.00452034
705   0.00448157
706   0.00444328
707   0.00440546
708   0.00436810
709   0.00433119
710   0.00429473
711   0.00425871
712   0.00422312
713   0.00418795
714   0.00415321
715   0.00411887
716   0.00408493
717   0.00405139
718   0.00401824
719   0.00398548
720   0.00395309
721   0.00392108
722   0.00388943
723   0.00385814
724   0.00382721
725   0.00379663
726   0.00376639
727   0.00373649
728   0.00370692
729   0.00367768
730   0.00364876
731   0.00362016
732   0.00359187
733   0.00356390
734   0.00353622
735   0.00350885
736   0.00348177
737   0.00345498
738   0.00342848
739   0.00340226
740   0.00337632
741   0.00335066
742   0.00332526
743   0.00330013
744   0.00327526
745   0.00325065
746   0.00322630
747   0.00320219
748   0.00317834
749   0.00315473
750   0.00313136
751   0.00310823
752   0.00308533
753   0.00306266
754   0.00304023
755   0.00301801
756   0.00299602
757   0.00297425
758   0.00295269
759   0.00293135
760   0.00291021
761   0.00288929
762   0.00286857
763   0.00284805
764   0.00282773
765   0.00280761
766   0.00278768
767   0.00276795
768   0.00274841
769   0.00272905
770   0.00270988
771   0.00269089
772   0.00267208
773   0.00265345
774   0.00263499
775   0.00261671
776   0.00259860
777   0.00258066
778   0.00256289
779   0.00254528
780   0.00252784
781   0.00251055
782   0.00249343
783   0.00247646
784   0.00245965
785   0.00244300
786   0.00242649
787   0.00241014
788   0.00239393
789   0.00237787
790   0.00236196
791   0.00234619
792   0.00233056
793   0.00231507
794   0.00229972
795   0.00228450
796   0.00226942
797   0.00225447
798   0.00223966
799   0.00222498
800   0.00221042
