  1.0471976e+000  1.5801939e+000  1.7933925e+000
  1.0461504e+000  1.5793619e+000  1.7943436e+000
  1.0451052e+000  1.5785234e+000  1.7952928e+000
  1.0440622e+000  1.5776783e+000  1.7962400e+000
  1.0430213e+000  1.5768562e+000  1.7973934e+000
  1.0419824e+000  1.5760362e+000  1.7986089e+000
  1.0409456e+000  1.5752093e+000  1.7998233e+000
  1.0399109e+000  1.5743754e+000  1.8010367e+000
  1.0388782e+000  1.5735345e+000  1.8022489e+000
  1.0378476e+000  1.5726868e+000  1.8034600e+000
  1.0368190e+000  1.5718320e+000  1.8046699e+000
  1.0357924e+000  1.5709704e+000  1.8058786e+000
  1.0347679e+000  1.5701018e+000  1.8070859e+000
  1.0337454e+000  1.5692262e+000  1.8082919e+000
  1.0327249e+000  1.5683438e+000  1.8094965e+000
  1.0317065e+000  1.5674545e+000  1.8106997e+000
  1.0306900e+000  1.5665582e+000  1.8119013e+000
  1.0296755e+000  1.5656551e+000  1.8131015e+000
  1.0286631e+000  1.5647451e+000  1.8143001e+000
  1.0276526e+000  1.5638282e+000  1.8154971e+000
  1.0266441e+000  1.5629045e+000  1.8166925e+000
  1.0256376e+000  1.5619739e+000  1.8178861e+000
  1.0246331e+000  1.5610364e+000  1.8190780e+000
  1.0236305e+000  1.5600921e+000  1.8202682e+000
  1.0226299e+000  1.5591410e+000  1.8214565e+000
  1.0216312e+000  1.5581831e+000  1.8226429e+000
  1.0206345e+000  1.5572183e+000  1.8238275e+000
  1.0196397e+000  1.5562468e+000  1.8250100e+000
  1.0186469e+000  1.5552685e+000  1.8261906e+000
  1.0176560e+000  1.5542834e+000  1.8273692e+000
  1.0166670e+000  1.5532915e+000  1.8285457e+000
  1.0156800e+000  1.5522929e+000  1.8297201e+000
  1.0146948e+000  1.5512875e+000  1.8308923e+000
  1.0137116e+000  1.5502754e+000  1.8320623e+000
  1.0127303e+000  1.5492566e+000  1.8332301e+000
  1.0117508e+000  1.5482311e+000  1.8343956e+000
  1.0107733e+000  1.5471953e+000  1.8355511e+000
  1.0097976e+000  1.5461238e+000  1.8366440e+000
  1.0088239e+000  1.5450455e+000  1.8377340e+000
  1.0078520e+000  1.5439602e+000  1.8388212e+000
  1.0068820e+000  1.5428681e+000  1.8399054e+000
  1.0059138e+000  1.5417692e+000  1.8409867e+000
  1.0049475e+000  1.5406634e+000  1.8420649e+000
  1.0039831e+000  1.5395507e+000  1.8431401e+000
  1.0030205e+000  1.5384313e+000  1.8442122e+000
  1.0020597e+000  1.5373050e+000  1.8452811e+000
  1.0011008e+000  1.5361720e+000  1.8463469e+000
  1.0001437e+000  1.5350322e+000  1.8474094e+000
  9.9918849e-001  1.5338856e+000  1.8484687e+000
  9.9823507e-001  1.5327323e+000  1.8495246e+000
  9.9728346e-001  1.5315723e+000  1.8505773e+000
  9.9633367e-001  1.5304055e+000  1.8516265e+000
  9.9538568e-001  1.5292321e+000  1.8526723e+000
  9.9443950e-001  1.5280519e+000  1.8537146e+000
  9.9349511e-001  1.5268651e+000  1.8547534e+000
  9.9255252e-001  1.5256717e+000  1.8557887e+000
  9.9161171e-001  1.5244716e+000  1.8568204e+000
  9.9067268e-001  1.5232650e+000  1.8578485e+000
  9.8973543e-001  1.5220517e+000  1.8588729e+000
  9.8879996e-001  1.5208318e+000  1.8598936e+000
  9.8786625e-001  1.5196054e+000  1.8609106e+000
  9.8693430e-001  1.5183725e+000  1.8619238e+000
  9.8600410e-001  1.5171330e+000  1.8629331e+000
  9.8507566e-001  1.5158871e+000  1.8639387e+000
  9.8414897e-001  1.5146346e+000  1.8649403e+000
  9.8322402e-001  1.5133757e+000  1.8659380e+000
  9.8230080e-001  1.5121104e+000  1.8669318e+000
  9.8137932e-001  1.5108386e+000  1.8679215e+000
  9.8045956e-001  1.5095582e+000  1.8689199e+000
  9.7954153e-001  1.5081821e+000  1.8704465e+000
  9.7862521e-001  1.5068041e+000  1.8719722e+000
  9.7771061e-001  1.5054242e+000  1.8734969e+000
  9.7679772e-001  1.5040424e+000  1.8750206e+000
  9.7588652e-001  1.5026588e+000  1.8765434e+000
  9.7497703e-001  1.5012734e+000  1.8780651e+000
  9.7406923e-001  1.4998863e+000  1.8795859e+000
  9.7316312e-001  1.4984975e+000  1.8811057e+000
  9.7225869e-001  1.4971070e+000  1.8826244e+000
  9.7135595e-001  1.4957149e+000  1.8841422e+000
  9.7045487e-001  1.4943212e+000  1.8856590e+000
  9.6955547e-001  1.4929259e+000  1.8871748e+000
  9.6865773e-001  1.4915292e+000  1.8886896e+000
  9.6776166e-001  1.4901309e+000  1.8902033e+000
  9.6686724e-001  1.4887312e+000  1.8917161e+000
  9.6597447e-001  1.4873301e+000  1.8932279e+000
  9.6508335e-001  1.4859276e+000  1.8947386e+000
  9.6419387e-001  1.4845238e+000  1.8962484e+000
  9.6330603e-001  1.4831187e+000  1.8977571e+000
  9.6241983e-001  1.4817124e+000  1.8992648e+000
  9.6153525e-001  1.4803048e+000  1.9007715e+000
  9.6065230e-001  1.4788960e+000  1.9022772e+000
  9.5977097e-001  1.4774861e+000  1.9037818e+000
  9.5889125e-001  1.4760750e+000  1.9052855e+000
  9.5801314e-001  1.4746628e+000  1.9067881e+000
  9.5713665e-001  1.4732496e+000  1.9082897e+000
  9.5626175e-001  1.4718354e+000  1.9097903e+000
  9.5538845e-001  1.4704202e+000  1.9112898e+000
  9.5451675e-001  1.4690041e+000  1.9127883e+000
  9.5364663e-001  1.4675870e+000  1.9142858e+000
  9.5277810e-001  1.4661691e+000  1.9157823e+000
  9.5191115e-001  1.4647503e+000  1.9172778e+000
  9.5104578e-001  1.4633307e+000  1.9187722e+000
  9.5018197e-001  1.4619103e+000  1.9202656e+000
  9.4931974e-001  1.4604891e+000  1.9217580e+000
  9.4845907e-001  1.4590673e+000  1.9232494e+000
  9.4759996e-001  1.4576447e+000  1.9247397e+000
  9.4674240e-001  1.4558019e+000  1.9258231e+000
  9.4588640e-001  1.4539261e+000  1.9268735e+000
  9.4503194e-001  1.4520462e+000  1.9279186e+000
  9.4417902e-001  1.4501622e+000  1.9289583e+000
  9.4332764e-001  1.4482740e+000  1.9299926e+000
  9.4247780e-001  1.4463817e+000  1.9310215e+000
  9.4162948e-001  1.4444855e+000  1.9320449e+000
  9.4078269e-001  1.4425852e+000  1.9330629e+000
  9.3993742e-001  1.4406809e+000  1.9340755e+000
  9.3909367e-001  1.4387727e+000  1.9350826e+000
  9.3825144e-001  1.4368606e+000  1.9360842e+000
  9.3741071e-001  1.4349446e+000  1.9370802e+000
  9.3657149e-001  1.4330248e+000  1.9380708e+000
  9.3573377e-001  1.4311012e+000  1.9390558e+000
  9.3489755e-001  1.4291739e+000  1.9400352e+000
  9.3406282e-001  1.4272428e+000  1.9410090e+000
  9.3322958e-001  1.4253081e+000  1.9419772e+000
  9.3239782e-001  1.4233696e+000  1.9429398e+000
  9.3156755e-001  1.4214276e+000  1.9438968e+000
  9.3073875e-001  1.4194820e+000  1.9448481e+000
  9.2991143e-001  1.4175328e+000  1.9457938e+000
  9.2908557e-001  1.4155801e+000  1.9467337e+000
  9.2826118e-001  1.4136240e+000  1.9476680e+000
  9.2743826e-001  1.4116644e+000  1.9485966e+000
  9.2661679e-001  1.4097014e+000  1.9495194e+000
  9.2579677e-001  1.4077350e+000  1.9504365e+000
  9.2497821e-001  1.4057653e+000  1.9513479e+000
  9.2416109e-001  1.4037923e+000  1.9522534e+000
  9.2334541e-001  1.4018160e+000  1.9531532e+000
  9.2253118e-001  1.3998365e+000  1.9540472e+000
  9.2171837e-001  1.3978538e+000  1.9549354e+000
  9.2090700e-001  1.3958679e+000  1.9558178e+000
  9.2009706e-001  1.3938790e+000  1.9566943e+000
  9.1928854e-001  1.3918869e+000  1.9575650e+000
  9.1848143e-001  1.3898918e+000  1.9584299e+000
  9.1767575e-001  1.3878937e+000  1.9592889e+000
  9.1687148e-001  1.3858979e+000  1.9600746e+000
  9.1606861e-001  1.3839096e+000  1.9607212e+000
  9.1526715e-001  1.3819181e+000  1.9613609e+000
  9.1446709e-001  1.3799236e+000  1.9619937e+000
  9.1366843e-001  1.3779261e+000  1.9626197e+000
  9.1287116e-001  1.3759255e+000  1.9632387e+000
  9.1207529e-001  1.3739219e+000  1.9638508e+000
  9.1128080e-001  1.3719154e+000  1.9644560e+000
  9.1048769e-001  1.3699060e+000  1.9650543e+000
  9.0969596e-001  1.3678937e+000  1.9656456e+000
  9.0890561e-001  1.3658786e+000  1.9662299e+000
  9.0811663e-001  1.3638606e+000  1.9668073e+000
  9.0732901e-001  1.3618398e+000  1.9673778e+000
  9.0654277e-001  1.3598163e+000  1.9679412e+000
  9.0575788e-001  1.3577900e+000  1.9684977e+000
  9.0497435e-001  1.3557611e+000  1.9690471e+000
  9.0419218e-001  1.3537295e+000  1.9695896e+000
  9.0341136e-001  1.3516953e+000  1.9701250e+000
  9.0263188e-001  1.3496585e+000  1.9706534e+000
  9.0185375e-001  1.3476191e+000  1.9711749e+000
  9.0107696e-001  1.3455772e+000  1.9716892e+000
  9.0030151e-001  1.3435328e+000  1.9721966e+000
  8.9952739e-001  1.3414860e+000  1.9726969e+000
  8.9875460e-001  1.3394367e+000  1.9731901e+000
  8.9798314e-001  1.3373851e+000  1.9736763e+000
  8.9721300e-001  1.3353310e+000  1.9741555e+000
  8.9644418e-001  1.3332747e+000  1.9746275e+000
  8.9567667e-001  1.3312160e+000  1.9750926e+000
  8.9491048e-001  1.3291551e+000  1.9755505e+000
  8.9414560e-001  1.3270920e+000  1.9760014e+000
  8.9338203e-001  1.3250266e+000  1.9764452e+000
  8.9261976e-001  1.3229591e+000  1.9768819e+000
  8.9185878e-001  1.3208895e+000  1.9773116e+000
  8.9109911e-001  1.3188177e+000  1.9777341e+000
  8.9034073e-001  1.3167439e+000  1.9781496e+000
  8.8958363e-001  1.3146681e+000  1.9785580e+000
  8.8882783e-001  1.3125902e+000  1.9789593e+000
  8.8807331e-001  1.3105104e+000  1.9793535e+000
  8.8732006e-001  1.3084287e+000  1.9797407e+000
  8.8656810e-001  1.3065903e+000  1.9801864e+000
  8.8581740e-001  1.3055765e+000  1.9808489e+000
  8.8506798e-001  1.3045591e+000  1.9815075e+000
  8.8431983e-001  1.3035378e+000  1.9821621e+000
  8.8357293e-001  1.3025129e+000  1.9828128e+000
  8.8282730e-001  1.3014841e+000  1.9834595e+000
  8.8208293e-001  1.3004517e+000  1.9841022e+000
  8.8133981e-001  1.2994156e+000  1.9847409e+000
  8.8059794e-001  1.2983758e+000  1.9853757e+000
  8.7985732e-001  1.2973323e+000  1.9860063e+000
  8.7911794e-001  1.2962852e+000  1.9866330e+000
  8.7837981e-001  1.2952344e+000  1.9872556e+000
  8.7764291e-001  1.2941799e+000  1.9878741e+000
  8.7690725e-001  1.2931219e+000  1.9884885e+000
  8.7617283e-001  1.2920602e+000  1.9890989e+000
  8.7543963e-001  1.2909950e+000  1.9897051e+000
  8.7470765e-001  1.2899262e+000  1.9903073e+000
  8.7397690e-001  1.2888538e+000  1.9909053e+000
  8.7324737e-001  1.2877779e+000  1.9914992e+000
  8.7251906e-001  1.2866984e+000  1.9920889e+000
  8.7179196e-001  1.2856154e+000  1.9926744e+000
  8.7106607e-001  1.2845289e+000  1.9932558e+000
  8.7034139e-001  1.2834390e+000  1.9938330e+000
  8.6961792e-001  1.2823455e+000  1.9944060e+000
  8.6889564e-001  1.2812486e+000  1.9949748e+000
  8.6817457e-001  1.2801482e+000  1.9955394e+000
  8.6745469e-001  1.2790445e+000  1.9960998e+000
  8.6673600e-001  1.2779373e+000  1.9966559e+000
  8.6601850e-001  1.2768267e+000  1.9972077e+000
  8.6530219e-001  1.2757127e+000  1.9977553e+000
  8.6458707e-001  1.2745953e+000  1.9982986e+000
  8.6387312e-001  1.2734746e+000  1.9988377e+000
  8.6316036e-001  1.2723505e+000  1.9993724e+000
  8.6244877e-001  1.2712231e+000  1.9999028e+000
  8.6173835e-001  1.2700925e+000  2.0004290e+000
  8.6102910e-001  1.2689585e+000  2.0009508e+000
  8.6032101e-001  1.2678212e+000  2.0014682e+000
  8.5961410e-001  1.2666807e+000  2.0019814e+000
  8.5890834e-001  1.2655369e+000  2.0024901e+000
  8.5820374e-001  1.2643899e+000  2.0029946e+000
  8.5750029e-001  1.2632396e+000  2.0034946e+000
  8.5679800e-001  1.2620862e+000  2.0039903e+000
  8.5609685e-001  1.2609296e+000  2.0044815e+000
  8.5539685e-001  1.2597698e+000  2.0049684e+000
  8.5469800e-001  1.2586069e+000  2.0054509e+000
  8.5400029e-001  1.2574408e+000  2.0059290e+000
  8.5330371e-001  1.2564592e+000  2.0063981e+000
  8.5260828e-001  1.2555476e+000  2.0068609e+000
  8.5191397e-001  1.2546320e+000  2.0073192e+000
  8.5122079e-001  1.2537125e+000  2.0077730e+000
  8.5052874e-001  1.2527891e+000  2.0082221e+000
  8.4983782e-001  1.2518618e+000  2.0086667e+000
  8.4914801e-001  1.2509306e+000  2.0091067e+000
  8.4845933e-001  1.2499955e+000  2.0095421e+000
  8.4777176e-001  1.2490566e+000  2.0099729e+000
  8.4708531e-001  1.2481139e+000  2.0103991e+000
  8.4639996e-001  1.2471674e+000  2.0108206e+000
  8.4571573e-001  1.2462170e+000  2.0112375e+000
  8.4503260e-001  1.2452628e+000  2.0116497e+000
  8.4435057e-001  1.2443048e+000  2.0120573e+000
  8.4366964e-001  1.2433430e+000  2.0124601e+000
  8.4298981e-001  1.2423775e+000  2.0128583e+000
  8.4231107e-001  1.2414082e+000  2.0132518e+000
  8.4163343e-001  1.2404352e+000  2.0136406e+000
  8.4095688e-001  1.2394585e+000  2.0140247e+000
  8.4028141e-001  1.2384780e+000  2.0144041e+000
  8.3960703e-001  1.2374938e+000  2.0147787e+000
  8.3893372e-001  1.2365059e+000  2.0151486e+000
  8.3826150e-001  1.2355144e+000  2.0155137e+000
  8.3759036e-001  1.2345192e+000  2.0158741e+000
  8.3692028e-001  1.2335203e+000  2.0162297e+000
  8.3625128e-001  1.2325178e+000  2.0165805e+000
  8.3558335e-001  1.2315117e+000  2.0169265e+000
  8.3491648e-001  1.2305019e+000  2.0172677e+000
  8.3425068e-001  1.2294886e+000  2.0176042e+000
  8.3358594e-001  1.2284717e+000  2.0179358e+000
  8.3292226e-001  1.2274512e+000  2.0182626e+000
  8.3225963e-001  1.2264271e+000  2.0185846e+000
  8.3159806e-001  1.2253995e+000  2.0189017e+000
  8.3093753e-001  1.2243684e+000  2.0192140e+000
  8.3027806e-001  1.2233338e+000  2.0195214e+000
  8.2961963e-001  1.2222956e+000  2.0198240e+000
  8.2896225e-001  1.2212540e+000  2.0201218e+000
  8.2830590e-001  1.2202089e+000  2.0204146e+000
  8.2765060e-001  1.2191603e+000  2.0207026e+000
  8.2699633e-001  1.2181083e+000  2.0209857e+000
  8.2634309e-001  1.2170529e+000  2.0212639e+000
  8.2569089e-001  1.2159940e+000  2.0215372e+000
  8.2503971e-001  1.2149318e+000  2.0218056e+000
  8.2438956e-001  1.2138661e+000  2.0220691e+000
  8.2374044e-001  1.2127971e+000  2.0223276e+000
  8.2309233e-001  1.2114076e+000  2.0224542e+000
  8.2244525e-001  1.2096679e+000  2.0224357e+000
  8.2179918e-001  1.2079264e+000  2.0224114e+000
  8.2115412e-001  1.2061830e+000  2.0223813e+000
  8.2051008e-001  1.2044377e+000  2.0223453e+000
  8.1986705e-001  1.2026906e+000  2.0223036e+000
  8.1922502e-001  1.2009417e+000  2.0222560e+000
  8.1858400e-001  1.1991911e+000  2.0222027e+000
  8.1794398e-001  1.1974387e+000  2.0221435e+000
  8.1730496e-001  1.1956846e+000  2.0220786e+000
  8.1666694e-001  1.1939289e+000  2.0220079e+000
  8.1602992e-001  1.1921715e+000  2.0219314e+000
  8.1539388e-001  1.1904124e+000  2.0218492e+000
  8.1475884e-001  1.1886518e+000  2.0217612e+000
  8.1412479e-001  1.1868896e+000  2.0216675e+000
  8.1349172e-001  1.1851259e+000  2.0215681e+000
  8.1285964e-001  1.1833607e+000  2.0214629e+000
  8.1222854e-001  1.1815939e+000  2.0213520e+000
  8.1159841e-001  1.1798258e+000  2.0212355e+000
  8.1096927e-001  1.1780562e+000  2.0211132e+000
  8.1034110e-001  1.1762851e+000  2.0209852e+000
  8.0971390e-001  1.1745128e+000  2.0208516e+000
  8.0908767e-001  1.1727390e+000  2.0207123e+000
  8.0846241e-001  1.1709640e+000  2.0205674e+000
  8.0783811e-001  1.1691876e+000  2.0204168e+000
  8.0721478e-001  1.1674100e+000  2.0202605e+000
  8.0659241e-001  1.1656311e+000  2.0200987e+000
  8.0597100e-001  1.1638511e+000  2.0199312e+000
  8.0535054e-001  1.1620698e+000  2.0197582e+000
  8.0473104e-001  1.1602874e+000  2.0195795e+000
  8.0411249e-001  1.1585038e+000  2.0193952e+000
  8.0349490e-001  1.1567192e+000  2.0192054e+000
  8.0287825e-001  1.1549334e+000  2.0190101e+000
  8.0226254e-001  1.1531466e+000  2.0188091e+000
  8.0164778e-001  1.1513588e+000  2.0186027e+000
  8.0103396e-001  1.1495699e+000  2.0183907e+000
  8.0042108e-001  1.1477801e+000  2.0181732e+000
  7.9980914e-001  1.1459893e+000  2.0179502e+000
  7.9919813e-001  1.1441977e+000  2.0177217e+000
  7.9858806e-001  1.1424051e+000  2.0174877e+000
  7.9797891e-001  1.1406116e+000  2.0172483e+000
  7.9737070e-001  1.1388173e+000  2.0170034e+000
  7.9676341e-001  1.1370221e+000  2.0167531e+000
  7.9615704e-001  1.1352262e+000  2.0164973e+000
  7.9555160e-001  1.1334295e+000  2.0162361e+000
  7.9494708e-001  1.1316320e+000  2.0159695e+000
  7.9434347e-001  1.1298338e+000  2.0156976e+000
  7.9374078e-001  1.1280349e+000  2.0154202e+000
  7.9313901e-001  1.1262354e+000  2.0151375e+000
  7.9253815e-001  1.1244351e+000  2.0148494e+000
  7.9193819e-001  1.1226343e+000  2.0145560e+000
  7.9133915e-001  1.1208329e+000  2.0142573e+000
  7.9074101e-001  1.1190309e+000  2.0139532e+000
  7.9014377e-001  1.1172189e+000  2.0137854e+000
  7.8954744e-001  1.1153989e+000  2.0137342e+000
  7.8895200e-001  1.1135792e+000  2.0136785e+000
  7.8835746e-001  1.1117599e+000  2.0136181e+000
  7.8776382e-001  1.1099409e+000  2.0135533e+000
  7.8717107e-001  1.1081223e+000  2.0134839e+000
  7.8657921e-001  1.1063040e+000  2.0134100e+000
  7.8598824e-001  1.1044862e+000  2.0133316e+000
  7.8539816e-001  1.1026688e+000  2.0132487e+000
  7.8480897e-001  1.1008519e+000  2.0131613e+000
  7.8422065e-001  1.0990354e+000  2.0130695e+000
  7.8363322e-001  1.0972193e+000  2.0129732e+000
  7.8304667e-001  1.0954038e+000  2.0128724e+000
  7.8246100e-001  1.0935888e+000  2.0127672e+000
  7.8187620e-001  1.0917743e+000  2.0126575e+000
  7.8129227e-001  1.0899604e+000  2.0125435e+000
  7.8070922e-001  1.0881470e+000  2.0124250e+000
  7.8012703e-001  1.0863342e+000  2.0123021e+000
  7.7954572e-001  1.0845220e+000  2.0121748e+000
  7.7896527e-001  1.0827104e+000  2.0120432e+000
  7.7838568e-001  1.0808995e+000  2.0119072e+000
  7.7780695e-001  1.0790892e+000  2.0117668e+000
  7.7722909e-001  1.0772796e+000  2.0116221e+000
  7.7665208e-001  1.0754706e+000  2.0114731e+000
  7.7607593e-001  1.0736624e+000  2.0113197e+000
  7.7550063e-001  1.0718549e+000  2.0111621e+000
  7.7492619e-001  1.0700481e+000  2.0110001e+000
  7.7435259e-001  1.0682421e+000  2.0108339e+000
  7.7377985e-001  1.0664368e+000  2.0106634e+000
  7.7320795e-001  1.0646323e+000  2.0104886e+000
  7.7263689e-001  1.0628286e+000  2.0103096e+000
  7.7206668e-001  1.0610258e+000  2.0101263e+000
  7.7149731e-001  1.0592237e+000  2.0099388e+000
  7.7092878e-001  1.0574226e+000  2.0097471e+000
  7.7036109e-001  1.0556222e+000  2.0095512e+000
  7.6979423e-001  1.0538228e+000  2.0093511e+000
  7.6922820e-001  1.0520242e+000  2.0091468e+000
  7.6866301e-001  1.0502266e+000  2.0089384e+000
  7.6809864e-001  1.0484299e+000  2.0087258e+000
  7.6753511e-001  1.0466341e+000  2.0085090e+000
  7.6697240e-001  1.0448393e+000  2.0082882e+000
  7.6641052e-001  1.0430454e+000  2.0080632e+000
  7.6584945e-001  1.0412525e+000  2.0078341e+000
  7.6528921e-001  1.0394607e+000  2.0076009e+000
  7.6472979e-001  1.0376698e+000  2.0073636e+000
  7.6417119e-001  1.0358800e+000  2.0071223e+000
  7.6361340e-001  1.0340912e+000  2.0068769e+000
  7.6305642e-001  1.0323035e+000  2.0066275e+000
  7.6250026e-001  1.0305168e+000  2.0063740e+000
  7.6194490e-001  1.0287313e+000  2.0061165e+000
  7.6139036e-001  1.0269468e+000  2.0058550e+000
  7.6083662e-001  1.0251635e+000  2.0055895e+000
  7.6028369e-001  1.0233813e+000  2.0053200e+000
  7.5973156e-001  1.0214686e+000  2.0050735e+000
  7.5918023e-001  1.0194704e+000  2.0048409e+000
  7.5862970e-001  1.0174743e+000  2.0046044e+000
  7.5807997e-001  1.0154805e+000  2.0043639e+000
  7.5753103e-001  1.0134890e+000  2.0041195e+000
  7.5698289e-001  1.0114998e+000  2.0038712e+000
  7.5643554e-001  1.0095128e+000  2.0036190e+000
  7.5588898e-001  1.0075282e+000  2.0033629e+000
  7.5534322e-001  1.0055459e+000  2.0031029e+000
  7.5479823e-001  1.0035659e+000  2.0028391e+000
  7.5425404e-001  1.0015882e+000  2.0025714e+000
  7.5371063e-001  9.9961292e-001  2.0023000e+000
  7.5316800e-001  9.9763996e-001  2.0020247e+000
  7.5262615e-001  9.9566938e-001  2.0017456e+000
  7.5208509e-001  9.9370118e-001  2.0014628e+000
  7.5154479e-001  9.9173538e-001  2.0011761e+000
  7.5100528e-001  9.8977197e-001  2.0008858e+000
  7.5046654e-001  9.8781098e-001  2.0005917e+000
  7.4992857e-001  9.8585242e-001  2.0002939e+000
  7.4939137e-001  9.8389628e-001  1.9999923e+000
  7.4885494e-001  9.8194259e-001  1.9996871e+000
  7.4831928e-001  9.7999136e-001  1.9993783e+000
  7.4778438e-001  9.7804259e-001  1.9990657e+000
  7.4725025e-001  9.7609629e-001  1.9987495e+000
  7.4671688e-001  9.7415248e-001  1.9984297e+000
  7.4618428e-001  9.7221116e-001  1.9981063e+000
  7.4565243e-001  9.7027234e-001  1.9977793e+000
  7.4512133e-001  9.6833603e-001  1.9974487e+000
  7.4459100e-001  9.6640224e-001  1.9971145e+000
  7.4406142e-001  9.6447099e-001  1.9967768e+000
  7.4353259e-001  9.6254227e-001  1.9964355e+000
  7.4300451e-001  9.6061611e-001  1.9960908e+000
  7.4247718e-001  9.5869250e-001  1.9957425e+000
  7.4195061e-001  9.5677145e-001  1.9953907e+000
  7.4142477e-001  9.5485298e-001  1.9950354e+000
  7.4089968e-001  9.5293709e-001  1.9946767e+000
  7.4037534e-001  9.5102380e-001  1.9943145e+000
  7.3985174e-001  9.4911310e-001  1.9939489e+000
  7.3932887e-001  9.4720501e-001  1.9935799e+000
  7.3880675e-001  9.4529954e-001  1.9932075e+000
  7.3828536e-001  9.4339669e-001  1.9928316e+000
  7.3776471e-001  9.4149647e-001  1.9924524e+000
  7.3724479e-001  9.3959890e-001  1.9920699e+000
  7.3672560e-001  9.3770397e-001  1.9916840e+000
  7.3620715e-001  9.3581169e-001  1.9912948e+000
  7.3568942e-001  9.3392208e-001  1.9909022e+000
  7.3517242e-001  9.3203514e-001  1.9905064e+000
  7.3465615e-001  9.3015088e-001  1.9901073e+000
  7.3414060e-001  9.2826930e-001  1.9897049e+000
  7.3362577e-001  9.2639041e-001  1.9892992e+000
  7.3311167e-001  9.2451422e-001  1.9888903e+000
  7.3259829e-001  9.2264073e-001  1.9884782e+000
  7.3208562e-001  9.2076996e-001  1.9880629e+000
  7.3157367e-001  9.1890191e-001  1.9876444e+000
  7.3106244e-001  9.1703658e-001  1.9872227e+000
  7.3055192e-001  9.1517398e-001  1.9867978e+000
  7.3004212e-001  9.1331413e-001  1.9863698e+000
  7.2953302e-001  9.1149520e-001  1.9861235e+000
  7.2902464e-001  9.0979416e-001  1.9864301e+000
  7.2851696e-001  9.0809680e-001  1.9867359e+000
  7.2800999e-001  9.0640312e-001  1.9870409e+000
  7.2750372e-001  9.0471311e-001  1.9873450e+000
  7.2699816e-001  9.0302677e-001  1.9876484e+000
  7.2649330e-001  9.0134410e-001  1.9879509e+000
  7.2598914e-001  8.9966509e-001  1.9882527e+000
  7.2548568e-001  8.9798976e-001  1.9885537e+000
  7.2498292e-001  8.9631809e-001  1.9888539e+000
  7.2448085e-001  8.9465008e-001  1.9891533e+000
  7.2397948e-001  8.9298573e-001  1.9894521e+000
  7.2347881e-001  8.9132505e-001  1.9897500e+000
  7.2297882e-001  8.8966802e-001  1.9900472e+000
  7.2247953e-001  8.8801464e-001  1.9903438e+000
  7.2198092e-001  8.8636491e-001  1.9906395e+000
  7.2148300e-001  8.8471884e-001  1.9909346e+000
  7.2098577e-001  8.8307641e-001  1.9912290e+000
  7.2048922e-001  8.8143763e-001  1.9915227e+000
  7.1999336e-001  8.7980249e-001  1.9918157e+000
  7.1949818e-001  8.7817099e-001  1.9921080e+000
  7.1900368e-001  8.7654313e-001  1.9923997e+000
  7.1850986e-001  8.7491890e-001  1.9926907e+000
  7.1801671e-001  8.7329830e-001  1.9929810e+000
  7.1752425e-001  8.7168134e-001  1.9932708e+000
  7.1703246e-001  8.7006800e-001  1.9935598e+000
  7.1654134e-001  8.6845828e-001  1.9938483e+000
  7.1605089e-001  8.6685218e-001  1.9941361e+000
  7.1556112e-001  8.6524971e-001  1.9944234e+000
  7.1507201e-001  8.6365084e-001  1.9947100e+000
  7.1458357e-001  8.6205559e-001  1.9949960e+000
  7.1409580e-001  8.6046394e-001  1.9952814e+000
  7.1360870e-001  8.5887590e-001  1.9955663e+000
  7.1312226e-001  8.5729146e-001  1.9958506e+000
  7.1263648e-001  8.5571062e-001  1.9961343e+000
  7.1215136e-001  8.5413338e-001  1.9964175e+000
  7.1166691e-001  8.5255972e-001  1.9967002e+000
  7.1118311e-001  8.5098966e-001  1.9969822e+000
  7.1069997e-001  8.4942318e-001  1.9972638e+000
  7.1021748e-001  8.4786028e-001  1.9975448e+000
  7.0973565e-001  8.4630095e-001  1.9978254e+000
  7.0925448e-001  8.4474520e-001  1.9981054e+000
  7.0877395e-001  8.4319302e-001  1.9983849e+000
  7.0829408e-001  8.4164441e-001  1.9986639e+000
  7.0781485e-001  8.4009936e-001  1.9989424e+000
  7.0733628e-001  8.3855787e-001  1.9992205e+000
  7.0685835e-001  8.3701993e-001  1.9994980e+000
  7.0638106e-001  8.3548554e-001  1.9997752e+000
  7.0590442e-001  8.3395470e-001  2.0000518e+000
  7.0542842e-001  8.3242740e-001  2.0003280e+000
  7.0495307e-001  8.3090364e-001  2.0006038e+000
  7.0447835e-001  8.2938342e-001  2.0008791e+000
  7.0400428e-001  8.2786672e-001  2.0011540e+000
  7.0353084e-001  8.2635355e-001  2.0014285e+000
  7.0305803e-001  8.2484391e-001  2.0017025e+000
  7.0258587e-001  8.2333778e-001  2.0019762e+000
  7.0211433e-001  8.2183516e-001  2.0022495e+000
  7.0164343e-001  8.2033606e-001  2.0025223e+000
  7.0117316e-001  8.1884046e-001  2.0027948e+000
  7.0070352e-001  8.1734836e-001  2.0030669e+000
  7.0023451e-001  8.1585975e-001  2.0033386e+000
  6.9976612e-001  8.1437464e-001  2.0036100e+000
  6.9929836e-001  8.1289301e-001  2.0038810e+000
  6.9883123e-001  8.1141487e-001  2.0041516e+000
  6.9836472e-001  8.0994020e-001  2.0044219e+000
  6.9789883e-001  8.0846901e-001  2.0046919e+000
  6.9743357e-001  8.0700128e-001  2.0049615e+000
  6.9696892e-001  8.0553702e-001  2.0052308e+000
  6.9650490e-001  8.0393577e-001  2.0055516e+000
  6.9604149e-001  8.0218191e-001  2.0059297e+000
  6.9557869e-001  8.0043232e-001  2.0063076e+000
  6.9511651e-001  7.9868701e-001  2.0066851e+000
  6.9465495e-001  7.9694595e-001  2.0070622e+000
  6.9419400e-001  7.9520915e-001  2.0074391e+000
  6.9373366e-001  7.9347661e-001  2.0078156e+000
  6.9327393e-001  7.9174830e-001  2.0081918e+000
  6.9281480e-001  7.9002424e-001  2.0085677e+000
  6.9235629e-001  7.8830441e-001  2.0089434e+000
  6.9189838e-001  7.8658881e-001  2.0093187e+000
  6.9144108e-001  7.8487743e-001  2.0096938e+000
  6.9098438e-001  7.8317027e-001  2.0100686e+000
  6.9052829e-001  7.8146731e-001  2.0104431e+000
  6.9007279e-001  7.7976856e-001  2.0108174e+000
  6.8961790e-001  7.7807401e-001  2.0111915e+000
  6.8916361e-001  7.7638365e-001  2.0115653e+000
  6.8870991e-001  7.7469748e-001  2.0119388e+000
  6.8825681e-001  7.7301548e-001  2.0123122e+000
  6.8780431e-001  7.7133766e-001  2.0126853e+000
  6.8735240e-001  7.6966401e-001  2.0130583e+000
  6.8690109e-001  7.6799451e-001  2.0134310e+000
  6.8645036e-001  7.6632917e-001  2.0138035e+000
  6.8600023e-001  7.6466798e-001  2.0141759e+000
  6.8555069e-001  7.6301093e-001  2.0145480e+000
  6.8510174e-001  7.6135802e-001  2.0149200e+000
  6.8465337e-001  7.5970923e-001  2.0152918e+000
  6.8420559e-001  7.5806457e-001  2.0156635e+000
  6.8375840e-001  7.5642402e-001  2.0160350e+000
  6.8331179e-001  7.5478758e-001  2.0164064e+000
  6.8286577e-001  7.5315524e-001  2.0167776e+000
  6.8242032e-001  7.5152700e-001  2.0171488e+000
  6.8197546e-001  7.4990285e-001  2.0175197e+000
  6.8153118e-001  7.4828278e-001  2.0178906e+000
  6.8108747e-001  7.4666678e-001  2.0182614e+000
  6.8064434e-001  7.4505486e-001  2.0186320e+000
  6.8020179e-001  7.4344699e-001  2.0190026e+000
  6.7975981e-001  7.4184318e-001  2.0193730e+000
  6.7931841e-001  7.4024342e-001  2.0197434e+000
  6.7887758e-001  7.3864771e-001  2.0201137e+000
  6.7843732e-001  7.3705602e-001  2.0204840e+000
  6.7799764e-001  7.3546837e-001  2.0208541e+000
  6.7755852e-001  7.3388473e-001  2.0212242e+000
  6.7711997e-001  7.3230511e-001  2.0215943e+000
  6.7668199e-001  7.3072949e-001  2.0219643e+000
  6.7624457e-001  7.2915788e-001  2.0223343e+000
  6.7580772e-001  7.2759026e-001  2.0227042e+000
  6.7537144e-001  7.2602662e-001  2.0230741e+000
  6.7493571e-001  7.2446696e-001  2.0234440e+000
  6.7450055e-001  7.2291128e-001  2.0238139e+000
  6.7406595e-001  7.2135955e-001  2.0241838e+000
  6.7363191e-001  7.1981179e-001  2.0245537e+000
  6.7319843e-001  7.1826797e-001  2.0249235e+000
  6.7276550e-001  7.1672810e-001  2.0252934e+000
  6.7233313e-001  7.1519216e-001  2.0256633e+000
  6.7190132e-001  7.1366015e-001  2.0260332e+000
  6.7147006e-001  7.1213206e-001  2.0264032e+000
  6.7103935e-001  7.1060788e-001  2.0267732e+000
  6.7060920e-001  7.0908761e-001  2.0271432e+000
  6.7017960e-001  7.0757124e-001  2.0275132e+000
  6.6975055e-001  7.0605876e-001  2.0278833e+000
  6.6932204e-001  7.0455017e-001  2.0282535e+000
  6.6889409e-001  7.0304545e-001  2.0286237e+000
  6.6846668e-001  7.0154460e-001  2.0289940e+000
  6.6803982e-001  7.0004761e-001  2.0293644e+000
  6.6761350e-001  6.9855448e-001  2.0297348e+000
  6.6718773e-001  6.9706519e-001  2.0301054e+000
  6.6676249e-001  6.9557974e-001  2.0304760e+000
  6.6633780e-001  6.9409813e-001  2.0308467e+000
  6.6591366e-001  6.9401236e-001  2.0335383e+000
  6.6549005e-001  6.9399424e-001  2.0363360e+000
  6.6506698e-001  6.9398895e-001  2.0391484e+000
  6.6464444e-001  6.9399655e-001  2.0419754e+000
  6.6422245e-001  6.9401708e-001  2.0448172e+000
  6.6380099e-001  6.9405061e-001  2.0476737e+000
  6.6338006e-001  6.9409718e-001  2.0505450e+000
  6.6295967e-001  6.9415684e-001  2.0534312e+000
  6.6253981e-001  6.9422966e-001  2.0563322e+000
  6.6212048e-001  6.9431568e-001  2.0592482e+000
  6.6170168e-001  6.9441496e-001  2.0621791e+000
  6.6128341e-001  6.9452756e-001  2.0651251e+000
  6.6086567e-001  6.9465352e-001  2.0680860e+000
  6.6044846e-001  6.9479292e-001  2.0710621e+000
  6.6003177e-001  6.9494580e-001  2.0740533e+000
  6.5961561e-001  6.9511223e-001  2.0770597e+000
  6.5919997e-001  6.9529226e-001  2.0800812e+000
  6.5878486e-001  6.9548596e-001  2.0831181e+000
  6.5837027e-001  6.9569338e-001  2.0861702e+000
  6.5795620e-001  6.9591459e-001  2.0892376e+000
  6.5754265e-001  6.9614965e-001  2.0923204e+000
  6.5712962e-001  6.9639862e-001  2.0954186e+000
  6.5671711e-001  6.9666156e-001  2.0985322e+000
  6.5630512e-001  6.9693855e-001  2.1016613e+000
  6.5589364e-001  6.9722963e-001  2.1048059e+000
  6.5548268e-001  6.9753489e-001  2.1079661e+000
  6.5507223e-001  6.9785438e-001  2.1111419e+000
  6.5466230e-001  6.9818817e-001  2.1143334e+000
  6.5425288e-001  6.9853634e-001  2.1175405e+000
  6.5384397e-001  6.9889895e-001  2.1207633e+000
  6.5343557e-001  6.9927606e-001  2.1240018e+000
  6.5302769e-001  6.9966776e-001  2.1272562e+000
  6.5262031e-001  7.0007411e-001  2.1305264e+000
  6.5221344e-001  7.0049518e-001  2.1338124e+000
  6.5180707e-001  7.0093104e-001  2.1371143e+000
  6.5140122e-001  7.0138178e-001  2.1404322e+000
  6.5099586e-001  7.0184746e-001  2.1437660e+000
  6.5059102e-001  7.0232816e-001  2.1471159e+000
  6.5018667e-001  7.0282395e-001  2.1504818e+000
  6.4978283e-001  7.0333492e-001  2.1538637e+000
  6.4937949e-001  7.0386114e-001  2.1572618e+000
  6.4897665e-001  7.0440269e-001  2.1606760e+000
  6.4857430e-001  7.0495964e-001  2.1641064e+000
  6.4817246e-001  7.0553209e-001  2.1675531e+000
  6.4777112e-001  7.0612010e-001  2.1710159e+000
  6.4737027e-001  7.0672377e-001  2.1744951e+000
  6.4696992e-001  7.0734317e-001  2.1779906e+000
  6.4657006e-001  7.0797840e-001  2.1815024e+000
  6.4617069e-001  7.0862953e-001  2.1850306e+000
  6.4577182e-001  7.0929665e-001  2.1885752e+000
  6.4537344e-001  7.0997984e-001  2.1921363e+000
  6.4497556e-001  7.1067921e-001  2.1957138e+000
  6.4457816e-001  7.1139483e-001  2.1993079e+000
  6.4418125e-001  7.1212679e-001  2.2029185e+000
  6.4378483e-001  7.1287518e-001  2.2065456e+000
  6.4338890e-001  7.1364011e-001  2.2101894e+000
  6.4299346e-001  7.1442165e-001  2.2138497e+000
  6.4259850e-001  7.1521990e-001  2.2175267e+000
  6.4220402e-001  7.1603496e-001  2.2212204e+000
  6.4181003e-001  7.1686693e-001  2.2249308e+000
  6.4141653e-001  7.1771589e-001  2.2286580e+000
  6.4102350e-001  7.1858196e-001  2.2324019e+000
  6.4063096e-001  7.1946521e-001  2.2361625e+000
  6.4023889e-001  7.2036577e-001  2.2399400e+000
  6.3984731e-001  7.2128372e-001  2.2437343e+000
  6.3945621e-001  7.2221917e-001  2.2475455e+000
  6.3906558e-001  7.2317222e-001  2.2513735e+000
  6.3867543e-001  7.2414298e-001  2.2552185e+000
  6.3828576e-001  7.2513155e-001  2.2590803e+000
  6.3789656e-001  7.2613803e-001  2.2629591e+000
  6.3750783e-001  7.2716254e-001  2.2668548e+000
  6.3711958e-001  7.2820518e-001  2.2707676e+000
  6.3673180e-001  7.2926607e-001  2.2746973e+000
  6.3634450e-001  7.3034531e-001  2.2786440e+000
  6.3595766e-001  7.3144301e-001  2.2826078e+000
  6.3557130e-001  7.3255929e-001  2.2865885e+000
  6.3518540e-001  7.3369427e-001  2.2905864e+000
  6.3479997e-001  7.3484805e-001  2.2946013e+000
  6.3441501e-001  7.3602075e-001  2.2986333e+000
  6.3403052e-001  7.3721250e-001  2.3026823e+000
  6.3364649e-001  7.3842341e-001  2.3067485e+000
  6.3326293e-001  7.4082125e-001  2.3117196e+000
  6.3287983e-001  7.4575083e-001  2.3185725e+000
  6.3249719e-001  7.5074708e-001  2.3254084e+000
  6.3211502e-001  7.5581021e-001  2.3322254e+000
  6.3173331e-001  7.6094042e-001  2.3390214e+000
  6.3135205e-001  7.6613787e-001  2.3457944e+000
  6.3097126e-001  7.7140273e-001  2.3525425e+000
  6.3059093e-001  7.7673513e-001  2.3592635e+000
  6.3021106e-001  7.8213519e-001  2.3659554e+000
  6.2983164e-001  7.8760299e-001  2.3726158e+000
  6.2945268e-001  7.9313863e-001  2.3792426e+000
  6.2907418e-001  7.9874213e-001  2.3858335e+000
  6.2869613e-001  8.0441355e-001  2.3923862e+000
  6.2831853e-001  8.1015286e-001  2.3988983e+000
  6.2794139e-001  8.1596006e-001  2.4053673e+000
  6.2756470e-001  8.2183509e-001  2.4117908e+000
  6.2718846e-001  8.2777787e-001  2.4181663e+000
  6.2681267e-001  8.3378830e-001  2.4244911e+000
  6.2643734e-001  8.3986625e-001  2.4307627e+000
  6.2606245e-001  8.4601154e-001  2.4369783e+000
  6.2568801e-001  8.5222399e-001  2.4431353e+000
  6.2531402e-001  8.5850336e-001  2.4492308e+000
  6.2494047e-001  8.6484939e-001  2.4552620e+000
  6.2456738e-001  8.7126178e-001  2.4612261e+000
  6.2419472e-001  8.7774021e-001  2.4671201e+000
  6.2382251e-001  8.8428429e-001  2.4729411e+000
  6.2345075e-001  8.9089364e-001  2.4786859e+000
  6.2307942e-001  8.9756779e-001  2.4843517e+000
  6.2270854e-001  9.0430628e-001  2.4899351e+000
  6.2233810e-001  9.1110856e-001  2.4954332e+000
  6.2196811e-001  9.1797409e-001  2.5008426e+000
  6.2159855e-001  9.2490224e-001  2.5061601e+000
  6.2122943e-001  9.3189236e-001  2.5113824e+000
  6.2086074e-001  9.3894376e-001  2.5165061e+000
  6.2049250e-001  9.4605569e-001  2.5215280e+000
  6.2012469e-001  9.5322736e-001  2.5264445e+000
  6.1975732e-001  9.6045794e-001  2.5312521e+000
  6.1939038e-001  9.6774654e-001  2.5359474e+000
  6.1902388e-001  9.7509221e-001  2.5405269e+000
  6.1865781e-001  9.8249398e-001  2.5449869e+000
  6.1829217e-001  9.8995081e-001  2.5493239e+000
  6.1792697e-001  9.9746160e-001  2.5535341e+000
  6.1756219e-001  1.0050252e+000  2.5576140e+000
  6.1719785e-001  1.0126404e+000  2.5615597e+000
  6.1683393e-001  1.0203060e+000  2.5653677e+000
  6.1647045e-001  1.0280207e+000  2.5690341e+000
  6.1610739e-001  1.0357831e+000  2.5725551e+000
  6.1574476e-001  1.0435917e+000  2.5759270e+000
  6.1538256e-001  1.0514451e+000  2.5791459e+000
  6.1502078e-001  1.0593418e+000  2.5822081e+000
  6.1465943e-001  1.0672802e+000  2.5851097e+000
  6.1429850e-001  1.0752586e+000  2.5878467e+000
  6.1393800e-001  1.0832752e+000  2.5904155e+000
  6.1357792e-001  1.0913284e+000  2.5928121e+000
  6.1321826e-001  1.0994163e+000  2.5950326e+000
  6.1285902e-001  1.1075370e+000  2.5970733e+000
  6.1250021e-001  1.1156886e+000  2.5989302e+000
  6.1214181e-001  1.1238689e+000  2.6005996e+000
  6.1178383e-001  1.1320761e+000  2.6020776e+000
  6.1142627e-001  1.1403078e+000  2.6033605e+000
  6.1106913e-001  1.1485620e+000  2.6044444e+000
  6.1071241e-001  1.1568364e+000  2.6053256e+000
  6.1035610e-001  1.1651287e+000  2.6060004e+000
  6.1000021e-001  1.1734365e+000  2.6064651e+000
  6.0964473e-001  1.1817573e+000  2.6067161e+000
  6.0928966e-001  1.1900888e+000  2.6067498e+000
  6.0893501e-001  1.1984283e+000  2.6065625e+000
  6.0858078e-001  1.2067733e+000  2.6061509e+000
  6.0822695e-001  1.2151211e+000  2.6055115e+000
  6.0787353e-001  1.2234690e+000  2.6046408e+000
  6.0752053e-001  1.2318143e+000  2.6035357e+000
  6.0716794e-001  1.2401542e+000  2.6021928e+000
  6.0681575e-001  1.2484858e+000  2.6006090e+000
  6.0646397e-001  1.2568062e+000  2.5987812e+000
  6.0611260e-001  1.2651125e+000  2.5967064e+000
  6.0576164e-001  1.2734016e+000  2.5943817e+000
  6.0541108e-001  1.2816707e+000  2.5918044e+000
  6.0506093e-001  1.2899165e+000  2.5889716e+000
  6.0471119e-001  1.2981360e+000  2.5858809e+000
  6.0436184e-001  1.3063261e+000  2.5825297e+000
  6.0401291e-001  1.3144835e+000  2.5789156e+000
  6.0366437e-001  1.3226051e+000  2.5750364e+000
  6.0331624e-001  1.3306876e+000  2.5708900e+000
  6.0296850e-001  1.3385586e+000  2.5662829e+000
  6.0262117e-001  1.3424825e+000  2.5570756e+000
  6.0227424e-001  1.3462809e+000  2.5476716e+000
  6.0192771e-001  1.3499531e+000  2.5380745e+000
  6.0158157e-001  1.3534985e+000  2.5282877e+000
  6.0123584e-001  1.3569166e+000  2.5183151e+000
  6.0089050e-001  1.3602069e+000  2.5081603e+000
  6.0054555e-001  1.3633692e+000  2.4978271e+000
  6.0020101e-001  1.3664031e+000  2.4873195e+000
  5.9985685e-001  1.3693085e+000  2.4766413e+000
  5.9951310e-001  1.3720852e+000  2.4657967e+000
  5.9916973e-001  1.3747331e+000  2.4547896e+000
  5.9882676e-001  1.3772523e+000  2.4436242e+000
  5.9848418e-001  1.3796429e+000  2.4323047e+000
  5.9814200e-001  1.3819050e+000  2.4208352e+000
  5.9780020e-001  1.3840389e+000  2.4092201e+000
  5.9745880e-001  1.3860449e+000  2.3974635e+000
  5.9711778e-001  1.3879233e+000  2.3855698e+000
  5.9677716e-001  1.3896746e+000  2.3735434e+000
  5.9643692e-001  1.3912993e+000  2.3613885e+000
  5.9609707e-001  1.3927980e+000  2.3491096e+000
  5.9575760e-001  1.3941712e+000  2.3367110e+000
  5.9541853e-001  1.3954198e+000  2.3241972e+000
  5.9507984e-001  1.3965444e+000  2.3115725e+000
  5.9474153e-001  1.3975458e+000  2.2988413e+000
  5.9440361e-001  1.3984249e+000  2.2860080e+000
  5.9406607e-001  1.3991827e+000  2.2730770e+000
  5.9372892e-001  1.3998200e+000  2.2600527e+000
  5.9339215e-001  1.4003380e+000  2.2469394e+000
  5.9305576e-001  1.4007376e+000  2.2337415e+000
  5.9271975e-001  1.4010200e+000  2.2204633e+000
  5.9238412e-001  1.4011864e+000  2.2071090e+000
  5.9204887e-001  1.4012380e+000  2.1936830e+000
  5.9171400e-001  1.4011759e+000  2.1801896e+000
  5.9137951e-001  1.4010016e+000  2.1666328e+000
  5.9104540e-001  1.4007162e+000  2.1530168e+000
  5.9071166e-001  1.4003213e+000  2.1393459e+000
  5.9037830e-001  1.3998180e+000  2.1256240e+000
  5.9004532e-001  1.3992080e+000  2.1118552e+000
  5.8971271e-001  1.3984925e+000  2.0980435e+000
  5.8938048e-001  1.3976732e+000  2.0841928e+000
  5.8904862e-001  1.3967514e+000  2.0703071e+000
  5.8871714e-001  1.3957288e+000  2.0563901e+000
  5.8838603e-001  1.3946069e+000  2.0424456e+000
  5.8805529e-001  1.3933872e+000  2.0284775e+000
  5.8772492e-001  1.3920714e+000  2.0144892e+000
  5.8739492e-001  1.3906610e+000  2.0004845e+000
  5.8706529e-001  1.3891576e+000  1.9864668e+000
  5.8673604e-001  1.3875630e+000  1.9724397e+000
  5.8640715e-001  1.3858787e+000  1.9584065e+000
  5.8607863e-001  1.3841064e+000  1.9443706e+000
  5.8575048e-001  1.3822478e+000  1.9303353e+000
  5.8542269e-001  1.3803045e+000  1.9163039e+000
  5.8509528e-001  1.3782782e+000  1.9022793e+000
  5.8476822e-001  1.3761706e+000  1.8882648e+000
  5.8444154e-001  1.3739834e+000  1.8742633e+000
  5.8411522e-001  1.3717183e+000  1.8602778e+000
  5.8378926e-001  1.3693769e+000  1.8463111e+000
  5.8346367e-001  1.3669609e+000  1.8323660e+000
  5.8313844e-001  1.3644721e+000  1.8184453e+000
  5.8281357e-001  1.3619120e+000  1.8045516e+000
  5.8248906e-001  1.3592824e+000  1.7906875e+000
  5.8216492e-001  1.3565850e+000  1.7768556e+000
  5.8184113e-001  1.3538213e+000  1.7630581e+000
  5.8151771e-001  1.3509931e+000  1.7492976e+000
  5.8119464e-001  1.3481020e+000  1.7355763e+000
  5.8087193e-001  1.3451496e+000  1.7218965e+000
  5.8054959e-001  1.3421376e+000  1.7082603e+000
  5.8022759e-001  1.3390675e+000  1.6946698e+000
  5.7990596e-001  1.3359410e+000  1.6811271e+000
  5.7958468e-001  1.3327596e+000  1.6676340e+000
  5.7926376e-001  1.3295249e+000  1.6541926e+000
  5.7894320e-001  1.3262385e+000  1.6408046e+000
  5.7862298e-001  1.3229019e+000  1.6274717e+000
  5.7830313e-001  1.3195166e+000  1.6141958e+000
  5.7798362e-001  1.3160842e+000  1.6009783e+000
  5.7766447e-001  1.3126061e+000  1.5878209e+000
  5.7734567e-001  1.3090838e+000  1.5747251e+000
  5.7702722e-001  1.3055188e+000  1.5616923e+000
  5.7670913e-001  1.3019125e+000  1.5487239e+000
  5.7639138e-001  1.2982662e+000  1.5358212e+000
  5.7607398e-001  1.2945815e+000  1.5229855e+000
  5.7575694e-001  1.2908597e+000  1.5102180e+000
  5.7544024e-001  1.2871022e+000  1.4975198e+000
  5.7512389e-001  1.2833102e+000  1.4848921e+000
  5.7480789e-001  1.2794852e+000  1.4723358e+000
  5.7449223e-001  1.2756283e+000  1.4598520e+000
  5.7417692e-001  1.2717410e+000  1.4474416e+000
  5.7386196e-001  1.2678244e+000  1.4351055e+000
  5.7354734e-001  1.2638798e+000  1.4228445e+000
  5.7323307e-001  1.2599084e+000  1.4106594e+000
  5.7291914e-001  1.2559114e+000  1.3985509e+000
  5.7260556e-001  1.2518900e+000  1.3865197e+000
  5.7229232e-001  1.2474454e+000  1.3737383e+000
  5.7197942e-001  1.2429457e+000  1.3609839e+000
  5.7166686e-001  1.2384270e+000  1.3483296e+000
  5.7135464e-001  1.2338906e+000  1.3357757e+000
  5.7104277e-001  1.2293377e+000  1.3233225e+000
  5.7073123e-001  1.2247696e+000  1.3109704e+000
  5.7042004e-001  1.2201874e+000  1.2987194e+000
  5.7010918e-001  1.2155925e+000  1.2865697e+000
  5.6979867e-001  1.2109858e+000  1.2745216e+000
  5.6948849e-001  1.2063685e+000  1.2625750e+000
  5.6917865e-001  1.2017418e+000  1.2507299e+000
  5.6886914e-001  1.1971067e+000  1.2389865e+000
  5.6855997e-001  1.1924641e+000  1.2273446e+000
  5.6825114e-001  1.1878152e+000  1.2158041e+000
  5.6794265e-001  1.1831609e+000  1.2043649e+000
  5.6763448e-001  1.1785021e+000  1.1930270e+000
  5.6732666e-001  1.1738398e+000  1.1817900e+000
  5.6701916e-001  1.1691749e+000  1.1706537e+000
  5.6671200e-001  1.1645083e+000  1.1596180e+000
  5.6640517e-001  1.1598407e+000  1.1486824e+000
  5.6609868e-001  1.1551730e+000  1.1378468e+000
  5.6579251e-001  1.1505061e+000  1.1271108e+000
  5.6548668e-001  1.1458406e+000  1.1164740e+000
  5.6518117e-001  1.1411774e+000  1.1059360e+000
  5.6487600e-001  1.1365171e+000  1.0954965e+000
  5.6457116e-001  1.1318605e+000  1.0851549e+000
  5.6426664e-001  1.1272082e+000  1.0749109e+000
  5.6396245e-001  1.1225610e+000  1.0647640e+000
  5.6365860e-001  1.1179193e+000  1.0547136e+000
  5.6335506e-001  1.1132840e+000  1.0447593e+000
  5.6305186e-001  1.1086555e+000  1.0349005e+000
  5.6274898e-001  1.1040345e+000  1.0251367e+000
  5.6244643e-001  1.0994214e+000  1.0154674e+000
  5.6214420e-001  1.0948169e+000  1.0058919e+000
  5.6184230e-001  1.0902214e+000  9.9640970e-001
  5.6154072e-001  1.0856354e+000  9.8702019e-001
  5.6123946e-001  1.0810596e+000  9.7772275e-001
  5.6093853e-001  1.0764942e+000  9.6851677e-001
  5.6063792e-001  1.0719397e+000  9.5940161e-001
  5.6033763e-001  1.0673966e+000  9.5037663e-001
  5.6003766e-001  1.0628654e+000  9.4144118e-001
  5.5973802e-001  1.0583463e+000  9.3259461e-001
  5.5943869e-001  1.0538398e+000  9.2383625e-001
  5.5913969e-001  1.0493462e+000  9.1516542e-001
  5.5884100e-001  1.0448659e+000  9.0658146e-001
  5.5854263e-001  1.0403993e+000  8.9808367e-001
  5.5824459e-001  1.0359466e+000  8.8967136e-001
  5.5794686e-001  1.0315083e+000  8.8134385e-001
  5.5764944e-001  1.0270844e+000  8.7310043e-001
  5.5735235e-001  1.0226755e+000  8.6494041e-001
  5.5705557e-001  1.0182817e+000  8.5686307e-001
  5.5675910e-001  1.0139032e+000  8.4886770e-001
  5.5646295e-001  1.0095405e+000  8.4095361e-001
  5.5616712e-001  1.0051936e+000  8.3312008e-001
  5.5587160e-001  1.0008628e+000  8.2536639e-001
  5.5557640e-001  9.9654829e-001  8.1769183e-001
  5.5528150e-001  9.9225034e-001  8.1009569e-001
  5.5498693e-001  9.8796911e-001  8.0257725e-001
  5.5469266e-001  9.8370478e-001  7.9513579e-001
  5.5439870e-001  9.7945753e-001  7.8777060e-001
  5.5410506e-001  9.7522752e-001  7.8048097e-001
  5.5381173e-001  9.7101490e-001  7.7326617e-001
  5.5351871e-001  9.6681983e-001  7.6612551e-001
  5.5322599e-001  9.6264243e-001  7.5905827e-001
  5.5293359e-001  9.5848285e-001  7.5206374e-001
  5.5264150e-001  9.5434119e-001  7.4514122e-001
  5.5234971e-001  9.5021758e-001  7.3828999e-001
  5.5205823e-001  9.4611211e-001  7.3150936e-001
  5.5176706e-001  9.4202489e-001  7.2479862e-001
  5.5147620e-001  9.3795601e-001  7.1815709e-001
  5.5118564e-001  9.3390554e-001  7.1158406e-001
  5.5089539e-001  9.2987357e-001  7.0507885e-001
  5.5060545e-001  9.2586017e-001  6.9864077e-001
  5.5031581e-001  9.2186540e-001  6.9226913e-001
  5.5002647e-001  9.1788931e-001  6.8596325e-001
  5.4973744e-001  9.1393196e-001  6.7972247e-001
  5.4944872e-001  9.0999340e-001  6.7354610e-001
  5.4916029e-001  9.0607366e-001  6.6743348e-001
  5.4887217e-001  9.0217279e-001  6.6138395e-001
  5.4858435e-001  8.9829080e-001  6.5539684e-001
  5.4829683e-001  8.9442772e-001  6.4947150e-001
  5.4800961e-001  8.9058358e-001  6.4360728e-001
  5.4772270e-001  8.8675838e-001  6.3780353e-001
  5.4743608e-001  8.8295214e-001  6.3205961e-001
  5.4714977e-001  8.7916487e-001  6.2637489e-001
  5.4686375e-001  8.7539656e-001  6.2074873e-001
  5.4657803e-001  8.7164722e-001  6.1518051e-001
  5.4629261e-001  8.6791683e-001  6.0966960e-001
  5.4600749e-001  8.6420539e-001  6.0421539e-001
  5.4572267e-001  8.6051288e-001  5.9881726e-001
  5.4543814e-001  8.5683928e-001  5.9347461e-001
  5.4515391e-001  8.5318458e-001  5.8818684e-001
  5.4486998e-001  8.4954875e-001  5.8295334e-001
  5.4458634e-001  8.4593176e-001  5.7777354e-001
  5.4430299e-001  8.4233358e-001  5.7264683e-001
  5.4401994e-001  8.3875418e-001  5.6757265e-001
  5.4373719e-001  8.3519352e-001  5.6255041e-001
  5.4345473e-001  8.3165156e-001  5.5757955e-001
  5.4317256e-001  8.2812827e-001  5.5265950e-001
  5.4289069e-001  8.2462359e-001  5.4778970e-001
  5.4260910e-001  8.2113748e-001  5.4296959e-001
  5.4232781e-001  8.1766990e-001  5.3819863e-001
  5.4204682e-001  8.1422078e-001  5.3347627e-001
  5.4176611e-001  8.1079009e-001  5.2880198e-001
  5.4148569e-001  8.0737776e-001  5.2417521e-001
  5.4120556e-001  8.0398373e-001  5.1959545e-001
  5.4092573e-001  8.0060795e-001  5.1506217e-001
  5.4064618e-001  7.9725035e-001  5.1057485e-001
  5.4036692e-001  7.9391088e-001  5.0613298e-001
  5.4008795e-001  7.9058947e-001  5.0173606e-001
  5.3980926e-001  7.8728605e-001  4.9738358e-001
  5.3953087e-001  7.8382228e-001  4.9293439e-001
  5.3925276e-001  7.8012391e-001  4.8833369e-001
  5.3897494e-001  7.7645135e-001  4.8378812e-001
  5.3869740e-001  7.7280443e-001  4.7929692e-001
  5.3842015e-001  7.6918296e-001  4.7485930e-001
  5.3814319e-001  7.6558672e-001  4.7047451e-001
  5.3786651e-001  7.6201555e-001  4.6614181e-001
  5.3759011e-001  7.5846924e-001  4.6186046e-001
  5.3731400e-001  7.5494761e-001  4.5762975e-001
  5.3703817e-001  7.5145046e-001  4.5344895e-001
  5.3676262e-001  7.4797760e-001  4.4931738e-001
  5.3648736e-001  7.4452884e-001  4.4523433e-001
  5.3621238e-001  7.4110400e-001  4.4119914e-001
  5.3593768e-001  7.3770288e-001  4.3721113e-001
  5.3566326e-001  7.3432530e-001  4.3326964e-001
  5.3538913e-001  7.3097107e-001  4.2937403e-001
  5.3511527e-001  7.2764000e-001  4.2552365e-001
  5.3484169e-001  7.2433191e-001  4.2171788e-001
  5.3456840e-001  7.2104661e-001  4.1795609e-001
  5.3429538e-001  7.1778391e-001  4.1423768e-001
  5.3402264e-001  7.1454364e-001  4.1056205e-001
  5.3375018e-001  7.1132561e-001  4.0692860e-001
  5.3347800e-001  7.0812964e-001  4.0333675e-001
  5.3320609e-001  7.0495555e-001  3.9978593e-001
  5.3293446e-001  7.0180316e-001  3.9627557e-001
  5.3266311e-001  6.9867229e-001  3.9280511e-001
  5.3239204e-001  6.9556277e-001  3.8937402e-001
  5.3212124e-001  6.9247441e-001  3.8598175e-001
  5.3185071e-001  6.8940704e-001  3.8262776e-001
  5.3158046e-001  6.8636049e-001  3.7931154e-001
  5.3131049e-001  6.8333458e-001  3.7603257e-001
  5.3104079e-001  6.8032915e-001  3.7279035e-001
  5.3077136e-001  6.7734402e-001  3.6958437e-001
  5.3050221e-001  6.7437902e-001  3.6641414e-001
  5.3023333e-001  6.7143398e-001  3.6327918e-001
  5.2996472e-001  6.6850873e-001  3.6017900e-001
  5.2969638e-001  6.6560312e-001  3.5711316e-001
  5.2942832e-001  6.6271697e-001  3.5408116e-001
  5.2916052e-001  6.5985013e-001  3.5108258e-001
  5.2889300e-001  6.5700242e-001  3.4811695e-001
  5.2862575e-001  6.5417369e-001  3.4518383e-001
  5.2835876e-001  6.5136377e-001  3.4228279e-001
  5.2809205e-001  6.4857252e-001  3.3941340e-001
  5.2782561e-001  6.4579976e-001  3.3657524e-001
  5.2755943e-001  6.4304535e-001  3.3376789e-001
  5.2729353e-001  6.4030913e-001  3.3099095e-001
  5.2702789e-001  6.3759095e-001  3.2824400e-001
  5.2676251e-001  6.3489065e-001  3.2552666e-001
  5.2649741e-001  6.3220807e-001  3.2283854e-001
  5.2623257e-001  6.2954309e-001  3.2017924e-001
  5.2596800e-001  6.2689553e-001  3.1754839e-001
  5.2570370e-001  6.2426526e-001  3.1494562e-001
  5.2543966e-001  6.2165213e-001  3.1237055e-001
  5.2517588e-001  6.1905599e-001  3.0982283e-001
  5.2491237e-001  6.1647670e-001  3.0730210e-001
  5.2464912e-001  6.1391411e-001  3.0480801e-001
  5.2438614e-001  6.1136810e-001  3.0234021e-001
  5.2412342e-001  6.0883851e-001  2.9989835e-001
  5.2386097e-001  6.0632520e-001  2.9748211e-001
  5.2359878e-001  6.0382805e-001  2.9509116e-001
