  1.0471976e+000  1.6314269e+000  1.7656112e+000
  1.0461504e+000  1.6258513e+000  1.7687270e+000
  1.0451052e+000  1.6204083e+000  1.7717914e+000
  1.0440622e+000  1.6150979e+000  1.7748052e+000
  1.0430213e+000  1.6099199e+000  1.7777691e+000
  1.0419824e+000  1.6048742e+000  1.7806840e+000
  1.0409456e+000  1.5999605e+000  1.7835508e+000
  1.0399109e+000  1.5951782e+000  1.7863703e+000
  1.0388782e+000  1.5905269e+000  1.7891434e+000
  1.0378476e+000  1.5860059e+000  1.7918711e+000
  1.0368190e+000  1.5816143e+000  1.7945542e+000
  1.0357924e+000  1.5773513e+000  1.7971936e+000
  1.0347679e+000  1.5732159e+000  1.7997904e+000
  1.0337454e+000  1.5692068e+000  1.8023453e+000
  1.0327249e+000  1.5653230e+000  1.8048592e+000
  1.0317065e+000  1.5615629e+000  1.8073331e+000
  1.0306900e+000  1.5579253e+000  1.8097679e+000
  1.0296755e+000  1.5544086e+000  1.8121644e+000
  1.0286631e+000  1.5510111e+000  1.8145234e+000
  1.0276526e+000  1.5477311e+000  1.8168459e+000
  1.0266441e+000  1.5445669e+000  1.8191326e+000
  1.0256376e+000  1.5415166e+000  1.8213844e+000
  1.0246331e+000  1.5385782e+000  1.8236019e+000
  1.0236305e+000  1.5357497e+000  1.8257861e+000
  1.0226299e+000  1.5330290e+000  1.8279376e+000
  1.0216312e+000  1.5304140e+000  1.8300573e+000
  1.0206345e+000  1.5279024e+000  1.8321457e+000
  1.0196397e+000  1.5254921e+000  1.8342036e+000
  1.0186469e+000  1.5231807e+000  1.8362316e+000
  1.0176560e+000  1.5209658e+000  1.8382304e+000
  1.0166670e+000  1.5188452e+000  1.8402007e+000
  1.0156800e+000  1.5168163e+000  1.8421430e+000
  1.0146948e+000  1.5148767e+000  1.8440579e+000
  1.0137116e+000  1.5130239e+000  1.8459461e+000
  1.0127303e+000  1.5112556e+000  1.8478080e+000
  1.0117508e+000  1.5095691e+000  1.8496441e+000
  1.0107733e+000  1.5079619e+000  1.8514551e+000
  1.0097976e+000  1.5064315e+000  1.8532414e+000
  1.0088239e+000  1.5049755e+000  1.8550035e+000
  1.0078520e+000  1.5035911e+000  1.8567419e+000
  1.0068820e+000  1.5022760e+000  1.8584569e+000
  1.0059138e+000  1.5010276e+000  1.8601492e+000
  1.0049475e+000  1.4998434e+000  1.8618190e+000
  1.0039831e+000  1.4987208e+000  1.8634668e+000
  1.0030205e+000  1.4976574e+000  1.8650930e+000
  1.0020597e+000  1.4966508e+000  1.8666980e+000
  1.0011008e+000  1.4956984e+000  1.8682822e+000
  1.0001437e+000  1.4947979e+000  1.8698459e+000
  9.9918849e-001  1.4939469e+000  1.8713895e+000
  9.9823507e-001  1.4931429e+000  1.8729133e+000
  9.9728346e-001  1.4923837e+000  1.8744177e+000
  9.9633367e-001  1.4916669e+000  1.8759030e+000
  9.9538568e-001  1.4909903e+000  1.8773695e+000
  9.9443950e-001  1.4903517e+000  1.8788176e+000
  9.9349511e-001  1.4897487e+000  1.8802475e+000
  9.9255252e-001  1.4891793e+000  1.8816595e+000
  9.9161171e-001  1.4886413e+000  1.8830540e+000
  9.9067268e-001  1.4881326e+000  1.8844311e+000
  9.8973543e-001  1.4876512e+000  1.8857913e+000
  9.8879996e-001  1.4871952e+000  1.8871347e+000
  9.8786625e-001  1.4867624e+000  1.8884616e+000
  9.8693430e-001  1.4863511e+000  1.8897722e+000
  9.8600410e-001  1.4859592e+000  1.8910670e+000
  9.8507566e-001  1.4855851e+000  1.8923459e+000
  9.8414897e-001  1.4852269e+000  1.8936095e+000
  9.8322402e-001  1.4848828e+000  1.8948577e+000
  9.8230080e-001  1.4845512e+000  1.8960910e+000
  9.8137932e-001  1.4842304e+000  1.8973095e+000
  9.8045956e-001  1.4839189e+000  1.8985134e+000
  9.7954153e-001  1.4836149e+000  1.8997030e+000
  9.7862521e-001  1.4833171e+000  1.9008785e+000
  9.7771061e-001  1.4830240e+000  1.9020401e+000
  9.7679772e-001  1.4827341e+000  1.9031880e+000
  9.7588652e-001  1.4824460e+000  1.9043224e+000
  9.7497703e-001  1.4821584e+000  1.9054435e+000
  9.7406923e-001  1.4818700e+000  1.9065515e+000
  9.7316312e-001  1.4815795e+000  1.9076467e+000
  9.7225869e-001  1.4812858e+000  1.9087291e+000
  9.7135595e-001  1.4809877e+000  1.9097990e+000
  9.7045487e-001  1.4806839e+000  1.9108566e+000
  9.6955547e-001  1.4803735e+000  1.9119021e+000
  9.6865773e-001  1.4800554e+000  1.9129355e+000
  9.6776166e-001  1.4797286e+000  1.9139572e+000
  9.6686724e-001  1.4793921e+000  1.9149672e+000
  9.6597447e-001  1.4790450e+000  1.9159658e+000
  9.6508335e-001  1.4786864e+000  1.9169530e+000
  9.6419387e-001  1.4783155e+000  1.9179292e+000
  9.6330603e-001  1.4779313e+000  1.9188943e+000
  9.6241983e-001  1.4775332e+000  1.9198486e+000
  9.6153525e-001  1.4771204e+000  1.9207923e+000
  9.6065230e-001  1.4766921e+000  1.9217254e+000
  9.5977097e-001  1.4762478e+000  1.9226481e+000
  9.5889125e-001  1.4757867e+000  1.9235606e+000
  9.5801314e-001  1.4753082e+000  1.9244630e+000
  9.5713665e-001  1.4748118e+000  1.9253555e+000
  9.5626175e-001  1.4742968e+000  1.9262381e+000
  9.5538845e-001  1.4737629e+000  1.9271111e+000
  9.5451675e-001  1.4732094e+000  1.9279745e+000
  9.5364663e-001  1.4726360e+000  1.9288285e+000
  9.5277810e-001  1.4720421e+000  1.9296731e+000
  9.5191115e-001  1.4714274e+000  1.9305086e+000
  9.5104578e-001  1.4707915e+000  1.9313350e+000
  9.5018197e-001  1.4701340e+000  1.9321524e+000
  9.4931974e-001  1.4694546e+000  1.9329611e+000
  9.4845907e-001  1.4687530e+000  1.9337610e+000
  9.4759996e-001  1.4680289e+000  1.9345523e+000
  9.4674240e-001  1.4672821e+000  1.9353351e+000
  9.4588640e-001  1.4665123e+000  1.9361095e+000
  9.4503194e-001  1.4657193e+000  1.9368756e+000
  9.4417902e-001  1.4649029e+000  1.9376335e+000
  9.4332764e-001  1.4640629e+000  1.9383834e+000
  9.4247780e-001  1.4631991e+000  1.9391252e+000
  9.4162948e-001  1.4623116e+000  1.9398592e+000
  9.4078269e-001  1.4614000e+000  1.9405853e+000
  9.3993742e-001  1.4604644e+000  1.9413038e+000
  9.3909367e-001  1.4595046e+000  1.9420146e+000
  9.3825144e-001  1.4585205e+000  1.9427179e+000
  9.3741071e-001  1.4575123e+000  1.9434138e+000
  9.3657149e-001  1.4564797e+000  1.9441023e+000
  9.3573377e-001  1.4554228e+000  1.9447835e+000
  9.3489755e-001  1.4543416e+000  1.9454576e+000
  9.3406282e-001  1.4532361e+000  1.9461245e+000
  9.3322958e-001  1.4521064e+000  1.9467844e+000
  9.3239782e-001  1.4509524e+000  1.9474374e+000
  9.3156755e-001  1.4497743e+000  1.9480835e+000
  9.3073875e-001  1.4485720e+000  1.9487228e+000
  9.2991143e-001  1.4473457e+000  1.9493554e+000
  9.2908557e-001  1.4460955e+000  1.9499813e+000
  9.2826118e-001  1.4448215e+000  1.9506007e+000
  9.2743826e-001  1.4435238e+000  1.9512136e+000
  9.2661679e-001  1.4422024e+000  1.9518200e+000
  9.2579677e-001  1.4408576e+000  1.9524201e+000
  9.2497821e-001  1.4394895e+000  1.9530138e+000
  9.2416109e-001  1.4380983e+000  1.9536014e+000
  9.2334541e-001  1.4366840e+000  1.9541828e+000
  9.2253118e-001  1.4352469e+000  1.9547581e+000
  9.2171837e-001  1.4337872e+000  1.9553274e+000
  9.2090700e-001  1.4323050e+000  1.9558907e+000
  9.2009706e-001  1.4308006e+000  1.9564481e+000
  9.1928854e-001  1.4292741e+000  1.9569997e+000
  9.1848143e-001  1.4277257e+000  1.9575455e+000
  9.1767575e-001  1.4261557e+000  1.9580857e+000
  9.1687148e-001  1.4245643e+000  1.9586201e+000
  9.1606861e-001  1.4229517e+000  1.9591490e+000
  9.1526715e-001  1.4213181e+000  1.9596724e+000
  9.1446709e-001  1.4196638e+000  1.9601903e+000
  9.1366843e-001  1.4179890e+000  1.9607028e+000
  9.1287116e-001  1.4162941e+000  1.9612099e+000
  9.1207529e-001  1.4145791e+000  1.9617118e+000
  9.1128080e-001  1.4128444e+000  1.9622084e+000
  9.1048769e-001  1.4110903e+000  1.9626999e+000
  9.0969596e-001  1.4093170e+000  1.9631863e+000
  9.0890561e-001  1.4075248e+000  1.9636676e+000
  9.0811663e-001  1.4057140e+000  1.9641439e+000
  9.0732901e-001  1.4038848e+000  1.9646153e+000
  9.0654277e-001  1.4020375e+000  1.9650819e+000
  9.0575788e-001  1.4001725e+000  1.9655436e+000
  9.0497435e-001  1.3982899e+000  1.9660005e+000
  9.0419218e-001  1.3963901e+000  1.9664528e+000
  9.0341136e-001  1.3944735e+000  1.9669004e+000
  9.0263188e-001  1.3925401e+000  1.9673435e+000
  9.0185375e-001  1.3905905e+000  1.9677820e+000
  9.0107696e-001  1.3886248e+000  1.9682161e+000
  9.0030151e-001  1.3866434e+000  1.9686457e+000
  8.9952739e-001  1.3846465e+000  1.9690710e+000
  8.9875460e-001  1.3826346e+000  1.9694920e+000
  8.9798314e-001  1.3806078e+000  1.9699088e+000
  8.9721300e-001  1.3785665e+000  1.9703214e+000
  8.9644418e-001  1.3765110e+000  1.9707299e+000
  8.9567667e-001  1.3744417e+000  1.9711344e+000
  8.9491048e-001  1.3723587e+000  1.9715348e+000
  8.9414560e-001  1.3702625e+000  1.9719313e+000
  8.9338203e-001  1.3681533e+000  1.9723240e+000
  8.9261976e-001  1.3660315e+000  1.9727128e+000
  8.9185878e-001  1.3638973e+000  1.9730979e+000
  8.9109911e-001  1.3617511e+000  1.9734793e+000
  8.9034073e-001  1.3595932e+000  1.9738570e+000
  8.8958363e-001  1.3574240e+000  1.9742312e+000
  8.8882783e-001  1.3552436e+000  1.9746018e+000
  8.8807331e-001  1.3530525e+000  1.9749690e+000
  8.8732006e-001  1.3508510e+000  1.9753329e+000
  8.8656810e-001  1.3486393e+000  1.9756933e+000
  8.8581740e-001  1.3464178e+000  1.9760506e+000
  8.8506798e-001  1.3441868e+000  1.9764046e+000
  8.8431983e-001  1.3419466e+000  1.9767555e+000
  8.8357293e-001  1.3396975e+000  1.9771033e+000
  8.8282730e-001  1.3374398e+000  1.9774481e+000
  8.8208293e-001  1.3351739e+000  1.9777900e+000
  8.8133981e-001  1.3329001e+000  1.9781289e+000
  8.8059794e-001  1.3306186e+000  1.9784651e+000
  8.7985732e-001  1.3283298e+000  1.9787985e+000
  8.7911794e-001  1.3260340e+000  1.9791292e+000
  8.7837981e-001  1.3237315e+000  1.9794572e+000
  8.7764291e-001  1.3214226e+000  1.9797828e+000
  8.7690725e-001  1.3191076e+000  1.9801058e+000
  8.7617283e-001  1.3167868e+000  1.9804264e+000
  8.7543963e-001  1.3144605e+000  1.9807446e+000
  8.7470765e-001  1.3121291e+000  1.9810606e+000
  8.7397690e-001  1.3097928e+000  1.9813743e+000
  8.7324737e-001  1.3074519e+000  1.9816858e+000
  8.7251906e-001  1.3051068e+000  1.9819953e+000
  8.7179196e-001  1.3027577e+000  1.9823027e+000
  8.7106607e-001  1.3004049e+000  1.9826082e+000
  8.7034139e-001  1.2980487e+000  1.9829118e+000
  8.6961792e-001  1.2956894e+000  1.9832136e+000
  8.6889564e-001  1.2933274e+000  1.9835136e+000
  8.6817457e-001  1.2909629e+000  1.9838120e+000
  8.6745469e-001  1.2885961e+000  1.9841087e+000
  8.6673600e-001  1.2862275e+000  1.9844039e+000
  8.6601850e-001  1.2838572e+000  1.9846976e+000
  8.6530219e-001  1.2814855e+000  1.9849898e+000
  8.6458707e-001  1.2791129e+000  1.9852808e+000
  8.6387312e-001  1.2767394e+000  1.9855705e+000
  8.6316036e-001  1.2743654e+000  1.9858590e+000
  8.6244877e-001  1.2719913e+000  1.9861463e+000
  8.6173835e-001  1.2696172e+000  1.9864326e+000
  8.6102910e-001  1.2672434e+000  1.9867179e+000
  8.6032101e-001  1.2648703e+000  1.9870023e+000
  8.5961410e-001  1.2624981e+000  1.9872858e+000
  8.5890834e-001  1.2601270e+000  1.9875686e+000
  8.5820374e-001  1.2577573e+000  1.9878506e+000
  8.5750029e-001  1.2553894e+000  1.9881320e+000
  8.5679800e-001  1.2530234e+000  1.9884128e+000
  8.5609685e-001  1.2506597e+000  1.9886931e+000
  8.5539685e-001  1.2482984e+000  1.9889730e+000
  8.5469800e-001  1.2459399e+000  1.9892525e+000
  8.5400029e-001  1.2435845e+000  1.9895317e+000
  8.5330371e-001  1.2412323e+000  1.9898107e+000
  8.5260828e-001  1.2388836e+000  1.9900895e+000
  8.5191397e-001  1.2365387e+000  1.9903682e+000
  8.5122079e-001  1.2341978e+000  1.9906468e+000
  8.5052874e-001  1.2318613e+000  1.9909255e+000
  8.4983782e-001  1.2295292e+000  1.9912043e+000
  8.4914801e-001  1.2272019e+000  1.9914833e+000
  8.4845933e-001  1.2248796e+000  1.9917625e+000
  8.4777176e-001  1.2225626e+000  1.9920420e+000
  8.4708531e-001  1.2202511e+000  1.9923218e+000
  8.4639996e-001  1.2179453e+000  1.9926021e+000
  8.4571573e-001  1.2156455e+000  1.9928828e+000
  8.4503260e-001  1.2133519e+000  1.9931641e+000
  8.4435057e-001  1.2110647e+000  1.9934460e+000
  8.4366964e-001  1.2087842e+000  1.9937286e+000
  8.4298981e-001  1.2065105e+000  1.9940119e+000
  8.4231107e-001  1.2042440e+000  1.9942959e+000
  8.4163343e-001  1.2019848e+000  1.9945808e+000
  8.4095688e-001  1.1997331e+000  1.9948666e+000
  8.4028141e-001  1.1974892e+000  1.9951534e+000
  8.3960703e-001  1.1952533e+000  1.9954412e+000
  8.3893372e-001  1.1930256e+000  1.9957300e+000
  8.3826150e-001  1.1908063e+000  1.9960199e+000
  8.3759036e-001  1.1885955e+000  1.9963110e+000
  8.3692028e-001  1.1863936e+000  1.9966033e+000
  8.3625128e-001  1.1842007e+000  1.9968969e+000
  8.3558335e-001  1.1820171e+000  1.9971918e+000
  8.3491648e-001  1.1798428e+000  1.9974880e+000
  8.3425068e-001  1.1776781e+000  1.9977856e+000
  8.3358594e-001  1.1755233e+000  1.9980847e+000
  8.3292226e-001  1.1733784e+000  1.9983852e+000
  8.3225963e-001  1.1712437e+000  1.9986873e+000
  8.3159806e-001  1.1691193e+000  1.9989909e+000
  8.3093753e-001  1.1670055e+000  1.9992961e+000
  8.3027806e-001  1.1649024e+000  1.9996029e+000
  8.2961963e-001  1.1628103e+000  1.9999114e+000
  8.2896225e-001  1.1607291e+000  2.0002215e+000
  8.2830590e-001  1.1586592e+000  2.0005334e+000
  8.2765060e-001  1.1566008e+000  2.0008470e+000
  8.2699633e-001  1.1545538e+000  2.0011623e+000
  8.2634309e-001  1.1525186e+000  2.0014795e+000
  8.2569089e-001  1.1504953e+000  2.0017984e+000
  8.2503971e-001  1.1484841e+000  2.0021192e+000
  8.2438956e-001  1.1464850e+000  2.0024418e+000
  8.2374044e-001  1.1444983e+000  2.0027662e+000
  8.2309233e-001  1.1425240e+000  2.0030925e+000
  8.2244525e-001  1.1405624e+000  2.0034206e+000
  8.2179918e-001  1.1386136e+000  2.0037506e+000
  8.2115412e-001  1.1366776e+000  2.0040825e+000
  8.2051008e-001  1.1347547e+000  2.0044162e+000
  8.1986705e-001  1.1328449e+000  2.0047518e+000
  8.1922502e-001  1.1309485e+000  2.0050892e+000
  8.1858400e-001  1.1290654e+000  2.0054285e+000
  8.1794398e-001  1.1271959e+000  2.0057696e+000
  8.1730496e-001  1.1253400e+000  2.0061125e+000
  8.1666694e-001  1.1234978e+000  2.0064572e+000
  8.1602992e-001  1.1216695e+000  2.0068036e+000
  8.1539388e-001  1.1198552e+000  2.0071518e+000
  8.1475884e-001  1.1180549e+000  2.0075017e+000
  8.1412479e-001  1.1162687e+000  2.0078533e+000
  8.1349172e-001  1.1144968e+000  2.0082065e+000
  8.1285964e-001  1.1127392e+000  2.0085612e+000
  8.1222854e-001  1.1109960e+000  2.0089176e+000
  8.1159841e-001  1.1092673e+000  2.0092754e+000
  8.1096927e-001  1.1075532e+000  2.0096347e+000
  8.1034110e-001  1.1058536e+000  2.0099954e+000
  8.0971390e-001  1.1041687e+000  2.0103573e+000
  8.0908767e-001  1.1024986e+000  2.0107206e+000
  8.0846241e-001  1.1008433e+000  2.0110851e+000
  8.0783811e-001  1.0992028e+000  2.0114506e+000
  8.0721478e-001  1.0975772e+000  2.0118173e+000
  8.0659241e-001  1.0959665e+000  2.0121848e+000
  8.0597100e-001  1.0943708e+000  2.0125533e+000
  8.0535054e-001  1.0927901e+000  2.0129226e+000
  8.0473104e-001  1.0912244e+000  2.0132925e+000
  8.0411249e-001  1.0896737e+000  2.0136630e+000
  8.0349490e-001  1.0881380e+000  2.0140340e+000
  8.0287825e-001  1.0866174e+000  2.0144054e+000
  8.0226254e-001  1.0851118e+000  2.0147771e+000
  8.0164778e-001  1.0836213e+000  2.0151489e+000
  8.0103396e-001  1.0821459e+000  2.0155207e+000
  8.0042108e-001  1.0806854e+000  2.0158924e+000
  7.9980914e-001  1.0792399e+000  2.0162639e+000
  7.9919813e-001  1.0778094e+000  2.0166350e+000
  7.9858806e-001  1.0763938e+000  2.0170056e+000
  7.9797891e-001  1.0749931e+000  2.0173755e+000
  7.9737070e-001  1.0736073e+000  2.0177446e+000
  7.9676341e-001  1.0722363e+000  2.0181127e+000
  7.9615704e-001  1.0708799e+000  2.0184796e+000
  7.9555160e-001  1.0695383e+000  2.0188453e+000
  7.9494708e-001  1.0682112e+000  2.0192094e+000
  7.9434347e-001  1.0668986e+000  2.0195719e+000
  7.9374078e-001  1.0656004e+000  2.0199325e+000
  7.9313901e-001  1.0643166e+000  2.0202911e+000
  7.9253815e-001  1.0630470e+000  2.0206475e+000
  7.9193819e-001  1.0617915e+000  2.0210014e+000
  7.9133915e-001  1.0605500e+000  2.0213526e+000
  7.9074101e-001  1.0593223e+000  2.0217011e+000
  7.9014377e-001  1.0581084e+000  2.0220464e+000
  7.8954744e-001  1.0569081e+000  2.0223884e+000
  7.8895200e-001  1.0557212e+000  2.0227269e+000
  7.8835746e-001  1.0545476e+000  2.0230617e+000
  7.8776382e-001  1.0533871e+000  2.0233925e+000
  7.8717107e-001  1.0522396e+000  2.0237190e+000
  7.8657921e-001  1.0511049e+000  2.0240411e+000
  7.8598824e-001  1.0499827e+000  2.0243584e+000
  7.8539816e-001  1.0488730e+000  2.0246708e+000
  7.8480897e-001  1.0477754e+000  2.0249779e+000
  7.8422065e-001  1.0466898e+000  2.0252795e+000
  7.8363322e-001  1.0456159e+000  2.0255753e+000
  7.8304667e-001  1.0445536e+000  2.0258650e+000
  7.8246100e-001  1.0435025e+000  2.0261484e+000
  7.8187620e-001  1.0424625e+000  2.0264252e+000
  7.8129227e-001  1.0414332e+000  2.0266950e+000
  7.8070922e-001  1.0404145e+000  2.0269577e+000
  7.8012703e-001  1.0394059e+000  2.0272128e+000
  7.7954572e-001  1.0384074e+000  2.0274602e+000
  7.7896527e-001  1.0374185e+000  2.0276994e+000
  7.7838568e-001  1.0364389e+000  2.0279302e+000
  7.7780695e-001  1.0354684e+000  2.0281523e+000
  7.7722909e-001  1.0345066e+000  2.0283653e+000
  7.7665208e-001  1.0335533e+000  2.0285690e+000
  7.7607593e-001  1.0326079e+000  2.0287630e+000
  7.7550063e-001  1.0316703e+000  2.0289470e+000
  7.7492619e-001  1.0307401e+000  2.0291207e+000
  7.7435259e-001  1.0298169e+000  2.0292837e+000
  7.7377985e-001  1.0289003e+000  2.0294357e+000
  7.7320795e-001  1.0279899e+000  2.0295764e+000
  7.7263689e-001  1.0270854e+000  2.0297055e+000
  7.7206668e-001  1.0261863e+000  2.0298225e+000
  7.7149731e-001  1.0252923e+000  2.0299273e+000
  7.7092878e-001  1.0244029e+000  2.0300194e+000
  7.7036109e-001  1.0235177e+000  2.0300985e+000
  7.6979423e-001  1.0226363e+000  2.0301643e+000
  7.6922820e-001  1.0217582e+000  2.0302164e+000
  7.6866301e-001  1.0208830e+000  2.0302546e+000
  7.6809864e-001  1.0200103e+000  2.0302784e+000
  7.6753511e-001  1.0191395e+000  2.0302875e+000
  7.6697240e-001  1.0182702e+000  2.0302817e+000
  7.6641052e-001  1.0174018e+000  2.0302606e+000
  7.6584945e-001  1.0165341e+000  2.0302238e+000
  7.6528921e-001  1.0156663e+000  2.0301711e+000
  7.6472979e-001  1.0147981e+000  2.0301021e+000
  7.6417119e-001  1.0139288e+000  2.0300164e+000
  7.6361340e-001  1.0130581e+000  2.0299139e+000
  7.6305642e-001  1.0121854e+000  2.0297942e+000
  7.6250026e-001  1.0113101e+000  2.0296570e+000
  7.6194490e-001  1.0104318e+000  2.0295019e+000
  7.6139036e-001  1.0095499e+000  2.0293287e+000
  7.6083662e-001  1.0086638e+000  2.0291372e+000
  7.6028369e-001  1.0077730e+000  2.0289270e+000
  7.5973156e-001  1.0068770e+000  2.0286978e+000
  7.5918023e-001  1.0059752e+000  2.0284495e+000
  7.5862970e-001  1.0050670e+000  2.0281817e+000
  7.5807997e-001  1.0041519e+000  2.0278942e+000
  7.5753103e-001  1.0032294e+000  2.0275868e+000
  7.5698289e-001  1.0022988e+000  2.0272592e+000
  7.5643554e-001  1.0013596e+000  2.0269112e+000
  7.5588898e-001  1.0004113e+000  2.0265427e+000
  7.5534322e-001  9.9945319e-001  2.0261534e+000
  7.5479823e-001  9.9848480e-001  2.0257431e+000
  7.5425404e-001  9.9750554e-001  2.0253117e+000
  7.5371063e-001  9.9651485e-001  2.0248589e+000
  7.5316800e-001  9.9551215e-001  2.0243848e+000
  7.5262615e-001  9.9449689e-001  2.0238890e+000
  7.5208509e-001  9.9346850e-001  2.0233716e+000
  7.5154479e-001  9.9242642e-001  2.0228324e+000
  7.5100528e-001  9.9137011e-001  2.0222712e+000
  7.5046654e-001  9.9029900e-001  2.0216881e+000
  7.4992857e-001  9.8921256e-001  2.0210830e+000
  7.4939137e-001  9.8811023e-001  2.0204558e+000
  7.4885494e-001  9.8699149e-001  2.0198065e+000
  7.4831928e-001  9.8585581e-001  2.0191351e+000
  7.4778438e-001  9.8470266e-001  2.0184415e+000
  7.4725025e-001  9.8353154e-001  2.0177259e+000
  7.4671688e-001  9.8234193e-001  2.0169883e+000
  7.4618428e-001  9.8113333e-001  2.0162286e+000
  7.4565243e-001  9.7990526e-001  2.0154471e+000
  7.4512133e-001  9.7865725e-001  2.0146437e+000
  7.4459100e-001  9.7738882e-001  2.0138187e+000
  7.4406142e-001  9.7609951e-001  2.0129721e+000
  7.4353259e-001  9.7478890e-001  2.0121041e+000
  7.4300451e-001  9.7345653e-001  2.0112148e+000
  7.4247718e-001  9.7210200e-001  2.0103045e+000
  7.4195061e-001  9.7072489e-001  2.0093734e+000
  7.4142477e-001  9.6932483e-001  2.0084217e+000
  7.4089968e-001  9.6790143e-001  2.0074496e+000
  7.4037534e-001  9.6645433e-001  2.0064575e+000
  7.3985174e-001  9.6498319e-001  2.0054455e+000
  7.3932887e-001  9.6348768e-001  2.0044142e+000
  7.3880675e-001  9.6196748e-001  2.0033637e+000
  7.3828536e-001  9.6042232e-001  2.0022944e+000
  7.3776471e-001  9.5885191e-001  2.0012067e+000
  7.3724479e-001  9.5725598e-001  2.0001010e+000
  7.3672560e-001  9.5563432e-001  1.9989778e+000
  7.3620715e-001  9.5398669e-001  1.9978373e+000
  7.3568942e-001  9.5231290e-001  1.9966802e+000
  7.3517242e-001  9.5061277e-001  1.9955069e+000
  7.3465615e-001  9.4888615e-001  1.9943178e+000
  7.3414060e-001  9.4713288e-001  1.9931135e+000
  7.3362577e-001  9.4535287e-001  1.9918945e+000
  7.3311167e-001  9.4354601e-001  1.9906613e+000
  7.3259829e-001  9.4171224e-001  1.9894146e+000
  7.3208562e-001  9.3985149e-001  1.9881549e+000
  7.3157367e-001  9.3796375e-001  1.9868828e+000
  7.3106244e-001  9.3604901e-001  1.9855989e+000
  7.3055192e-001  9.3410729e-001  1.9843039e+000
  7.3004212e-001  9.3213861e-001  1.9829984e+000
  7.2953302e-001  9.3014306e-001  1.9816831e+000
  7.2902464e-001  9.2812071e-001  1.9803587e+000
  7.2851696e-001  9.2607168e-001  1.9790258e+000
  7.2800999e-001  9.2399608e-001  1.9776852e+000
  7.2750372e-001  9.2189409e-001  1.9763375e+000
  7.2699816e-001  9.1976588e-001  1.9749836e+000
  7.2649330e-001  9.1761164e-001  1.9736242e+000
  7.2598914e-001  9.1543160e-001  1.9722600e+000
  7.2548568e-001  9.1322601e-001  1.9708918e+000
  7.2498292e-001  9.1099513e-001  1.9695203e+000
  7.2448085e-001  9.0873927e-001  1.9681465e+000
  7.2397948e-001  9.0645872e-001  1.9667710e+000
  7.2347881e-001  9.0415383e-001  1.9653946e+000
  7.2297882e-001  9.0182495e-001  1.9640183e+000
  7.2247953e-001  8.9947246e-001  1.9626427e+000
  7.2198092e-001  8.9709675e-001  1.9612688e+000
  7.2148300e-001  8.9469826e-001  1.9598974e+000
  7.2098577e-001  8.9227741e-001  1.9585292e+000
  7.2048922e-001  8.8983467e-001  1.9571652e+000
  7.1999336e-001  8.8737052e-001  1.9558062e+000
  7.1949818e-001  8.8488545e-001  1.9544530e+000
  7.1900368e-001  8.8237998e-001  1.9531066e+000
  7.1850986e-001  8.7985464e-001  1.9517676e+000
  7.1801671e-001  8.7731000e-001  1.9504370e+000
  7.1752425e-001  8.7474660e-001  1.9491157e+000
  7.1703246e-001  8.7216505e-001  1.9478045e+000
  7.1654134e-001  8.6956595e-001  1.9465042e+000
  7.1605089e-001  8.6694990e-001  1.9452157e+000
  7.1556112e-001  8.6431755e-001  1.9439398e+000
  7.1507201e-001  8.6166953e-001  1.9426775e+000
  7.1458357e-001  8.5900651e-001  1.9414294e+000
  7.1409580e-001  8.5632917e-001  1.9401966e+000
  7.1360870e-001  8.5363817e-001  1.9389797e+000
  7.1312226e-001  8.5093423e-001  1.9377797e+000
  7.1263648e-001  8.4821805e-001  1.9365974e+000
  7.1215136e-001  8.4549035e-001  1.9354335e+000
  7.1166691e-001  8.4275186e-001  1.9342890e+000
  7.1118311e-001  8.4000332e-001  1.9331645e+000
  7.1069997e-001  8.3724547e-001  1.9320610e+000
  7.1021748e-001  8.3447906e-001  1.9309791e+000
  7.0973565e-001  8.3170487e-001  1.9299198e+000
  7.0925448e-001  8.2892366e-001  1.9288837e+000
  7.0877395e-001  8.2613620e-001  1.9278717e+000
  7.0829408e-001  8.2334328e-001  1.9268845e+000
  7.0781485e-001  8.2054568e-001  1.9259228e+000
  7.0733628e-001  8.1774420e-001  1.9249875e+000
  7.0685835e-001  8.1493963e-001  1.9240793e+000
  7.0638106e-001  8.1213277e-001  1.9231988e+000
  7.0590442e-001  8.0932441e-001  1.9223468e+000
  7.0542842e-001  8.0651537e-001  1.9215241e+000
  7.0495307e-001  8.0370644e-001  1.9207313e+000
  7.0447835e-001  8.0089843e-001  1.9199691e+000
  7.0400428e-001  7.9809216e-001  1.9192383e+000
  7.0353084e-001  7.9528842e-001  1.9185394e+000
  7.0305803e-001  7.9248802e-001  1.9178732e+000
  7.0258587e-001  7.8969178e-001  1.9172404e+000
  7.0211433e-001  7.8690048e-001  1.9166414e+000
  7.0164343e-001  7.8411495e-001  1.9160771e+000
  7.0117316e-001  7.8133597e-001  1.9155481e+000
  7.0070352e-001  7.7856434e-001  1.9150548e+000
  7.0023451e-001  7.7580086e-001  1.9145981e+000
  6.9976612e-001  7.7304633e-001  1.9141784e+000
  6.9929836e-001  7.7030153e-001  1.9137964e+000
  6.9883123e-001  7.6756724e-001  1.9134527e+000
  6.9836472e-001  7.6484425e-001  1.9131477e+000
  6.9789883e-001  7.6213332e-001  1.9128822e+000
  6.9743357e-001  7.5943524e-001  1.9126565e+000
  6.9696892e-001  7.5675076e-001  1.9124714e+000
  6.9650490e-001  7.5408064e-001  1.9123273e+000
  6.9604149e-001  7.5142565e-001  1.9122248e+000
  6.9557869e-001  7.4878652e-001  1.9121643e+000
  6.9511651e-001  7.4616399e-001  1.9121464e+000
  6.9465495e-001  7.4355881e-001  1.9121717e+000
  6.9419400e-001  7.4097170e-001  1.9122405e+000
  6.9373366e-001  7.3840338e-001  1.9123533e+000
  6.9327393e-001  7.3585456e-001  1.9125107e+000
  6.9281480e-001  7.3332596e-001  1.9127132e+000
  6.9235629e-001  7.3081828e-001  1.9129610e+000
  6.9189838e-001  7.2833220e-001  1.9132549e+000
  6.9144108e-001  7.2586841e-001  1.9135950e+000
  6.9098438e-001  7.2342760e-001  1.9139820e+000
  6.9052829e-001  7.2101042e-001  1.9144162e+000
  6.9007279e-001  7.1861755e-001  1.9148980e+000
  6.8961790e-001  7.1624963e-001  1.9154279e+000
  6.8916361e-001  7.1390732e-001  1.9160062e+000
  6.8870991e-001  7.1159125e-001  1.9166333e+000
  6.8825681e-001  7.0930206e-001  1.9173097e+000
  6.8780431e-001  7.0704037e-001  1.9180356e+000
  6.8735240e-001  7.0480678e-001  1.9188115e+000
  6.8690109e-001  7.0260192e-001  1.9196378e+000
  6.8645036e-001  7.0042638e-001  1.9205146e+000
  6.8600023e-001  6.9828075e-001  1.9214425e+000
  6.8555069e-001  6.9616561e-001  1.9224217e+000
  6.8510174e-001  6.9408155e-001  1.9234525e+000
  6.8465337e-001  6.9202913e-001  1.9245353e+000
  6.8420559e-001  6.9000891e-001  1.9256704e+000
  6.8375840e-001  6.8802144e-001  1.9268580e+000
  6.8331179e-001  6.8606727e-001  1.9280985e+000
  6.8286577e-001  6.8414694e-001  1.9293921e+000
  6.8242032e-001  6.8226098e-001  1.9307391e+000
  6.8197546e-001  6.8040992e-001  1.9321397e+000
  6.8153118e-001  6.7859426e-001  1.9335942e+000
  6.8108747e-001  6.7681452e-001  1.9351029e+000
  6.8064434e-001  6.7507120e-001  1.9366659e+000
  6.8020179e-001  6.7336480e-001  1.9382835e+000
  6.7975981e-001  6.7169580e-001  1.9399559e+000
  6.7931841e-001  6.7006468e-001  1.9416833e+000
  6.7887758e-001  6.6847193e-001  1.9434658e+000
  6.7843732e-001  6.6691801e-001  1.9453037e+000
  6.7799764e-001  6.6540338e-001  1.9471972e+000
  6.7755852e-001  6.6392850e-001  1.9491463e+000
  6.7711997e-001  6.6249383e-001  1.9511512e+000
  6.7668199e-001  6.6109979e-001  1.9532122e+000
  6.7624457e-001  6.5974684e-001  1.9553292e+000
  6.7580772e-001  6.5843540e-001  1.9575025e+000
  6.7537144e-001  6.5716591e-001  1.9597320e+000
  6.7493571e-001  6.5593878e-001  1.9620180e+000
  6.7450055e-001  6.5475443e-001  1.9643605e+000
  6.7406595e-001  6.5361327e-001  1.9667595e+000
  6.7363191e-001  6.5251571e-001  1.9692152e+000
  6.7319843e-001  6.5146215e-001  1.9717275e+000
  6.7276550e-001  6.5045298e-001  1.9742965e+000
  6.7233313e-001  6.4948860e-001  1.9769223e+000
  6.7190132e-001  6.4856939e-001  1.9796048e+000
  6.7147006e-001  6.4769574e-001  1.9823441e+000
  6.7103935e-001  6.4686802e-001  1.9851401e+000
  6.7060920e-001  6.4608661e-001  1.9879927e+000
  6.7017960e-001  6.4535187e-001  1.9909021e+000
  6.6975055e-001  6.4466418e-001  1.9938680e+000
  6.6932204e-001  6.4402389e-001  1.9968905e+000
  6.6889409e-001  6.4343136e-001  1.9999695e+000
  6.6846668e-001  6.4288695e-001  2.0031049e+000
  6.6803982e-001  6.4239100e-001  2.0062965e+000
  6.6761350e-001  6.4194386e-001  2.0095442e+000
  6.6718773e-001  6.4154588e-001  2.0128480e+000
  6.6676249e-001  6.4119739e-001  2.0162077e+000
  6.6633780e-001  6.4089873e-001  2.0196230e+000
  6.6591366e-001  6.4065023e-001  2.0230939e+000
  6.6549005e-001  6.4045222e-001  2.0266202e+000
  6.6506698e-001  6.4030503e-001  2.0302015e+000
  6.6464444e-001  6.4020897e-001  2.0338378e+000
  6.6422245e-001  6.4016438e-001  2.0375288e+000
  6.6380099e-001  6.4017157e-001  2.0412742e+000
  6.6338006e-001  6.4023084e-001  2.0450738e+000
  6.6295967e-001  6.4034252e-001  2.0489272e+000
  6.6253981e-001  6.4050690e-001  2.0528342e+000
  6.6212048e-001  6.4072429e-001  2.0567944e+000
  6.6170168e-001  6.4099500e-001  2.0608076e+000
  6.6128341e-001  6.4131932e-001  2.0648734e+000
  6.6086567e-001  6.4169755e-001  2.0689913e+000
  6.6044846e-001  6.4212997e-001  2.0731611e+000
  6.6003177e-001  6.4261689e-001  2.0773822e+000
  6.5961561e-001  6.4315858e-001  2.0816544e+000
  6.5919997e-001  6.4375532e-001  2.0859771e+000
  6.5878486e-001  6.4440740e-001  2.0903499e+000
  6.5837027e-001  6.4511509e-001  2.0947724e+000
  6.5795620e-001  6.4587867e-001  2.0992439e+000
  6.5754265e-001  6.4669839e-001  2.1037640e+000
  6.5712962e-001  6.4757454e-001  2.1083322e+000
  6.5671711e-001  6.4850737e-001  2.1129479e+000
  6.5630512e-001  6.4949714e-001  2.1176105e+000
  6.5589364e-001  6.5054410e-001  2.1223195e+000
  6.5548268e-001  6.5164850e-001  2.1270741e+000
  6.5507223e-001  6.5281060e-001  2.1318738e+000
  6.5466230e-001  6.5403062e-001  2.1367179e+000
  6.5425288e-001  6.5530882e-001  2.1416057e+000
  6.5384397e-001  6.5664541e-001  2.1465365e+000
  6.5343557e-001  6.5804063e-001  2.1515096e+000
  6.5302769e-001  6.5949471e-001  2.1565241e+000
  6.5262031e-001  6.6100785e-001  2.1615794e+000
  6.5221344e-001  6.6258028e-001  2.1666747e+000
  6.5180707e-001  6.6421220e-001  2.1718090e+000
  6.5140122e-001  6.6590380e-001  2.1769815e+000
  6.5099586e-001  6.6765529e-001  2.1821915e+000
  6.5059102e-001  6.6946685e-001  2.1874378e+000
  6.5018667e-001  6.7133866e-001  2.1927197e+000
  6.4978283e-001  6.7327090e-001  2.1980362e+000
  6.4937949e-001  6.7526374e-001  2.2033862e+000
  6.4897665e-001  6.7731734e-001  2.2087687e+000
  6.4857430e-001  6.7943184e-001  2.2141828e+000
  6.4817246e-001  6.8160740e-001  2.2196274e+000
  6.4777112e-001  6.8384414e-001  2.2251012e+000
  6.4737027e-001  6.8614221e-001  2.2306033e+000
  6.4696992e-001  6.8850170e-001  2.2361325e+000
  6.4657006e-001  6.9092274e-001  2.2416875e+000
  6.4617069e-001  6.9340542e-001  2.2472671e+000
  6.4577182e-001  6.9594983e-001  2.2528702e+000
  6.4537344e-001  6.9855605e-001  2.2584954e+000
  6.4497556e-001  7.0122414e-001  2.2641414e+000
  6.4457816e-001  7.0395415e-001  2.2698068e+000
  6.4418125e-001  7.0674614e-001  2.2754903e+000
  6.4378483e-001  7.0960014e-001  2.2811905e+000
  6.4338890e-001  7.1251615e-001  2.2869060e+000
  6.4299346e-001  7.1549418e-001  2.2926351e+000
  6.4259850e-001  7.1853424e-001  2.2983766e+000
  6.4220402e-001  7.2163628e-001  2.3041287e+000
  6.4181003e-001  7.2480027e-001  2.3098899e+000
  6.4141653e-001  7.2802617e-001  2.3156586e+000
  6.4102350e-001  7.3131390e-001  2.3214332e+000
  6.4063096e-001  7.3466337e-001  2.3272120e+000
  6.4023889e-001  7.3807448e-001  2.3329932e+000
  6.3984731e-001  7.4154711e-001  2.3387751e+000
  6.3945621e-001  7.4508112e-001  2.3445558e+000
  6.3906558e-001  7.4867636e-001  2.3503337e+000
  6.3867543e-001  7.5233265e-001  2.3561067e+000
  6.3828576e-001  7.5604980e-001  2.3618731e+000
  6.3789656e-001  7.5982758e-001  2.3676308e+000
  6.3750783e-001  7.6366577e-001  2.3733779e+000
  6.3711958e-001  7.6756409e-001  2.3791124e+000
  6.3673180e-001  7.7152228e-001  2.3848322e+000
  6.3634450e-001  7.7554004e-001  2.3905352e+000
  6.3595766e-001  7.7961702e-001  2.3962194e+000
  6.3557130e-001  7.8375289e-001  2.4018825e+000
  6.3518540e-001  7.8794726e-001  2.4075223e+000
  6.3479997e-001  7.9219975e-001  2.4131367e+000
  6.3441501e-001  7.9650991e-001  2.4187234e+000
  6.3403052e-001  8.0087731e-001  2.4242799e+000
  6.3364649e-001  8.0530146e-001  2.4298041e+000
  6.3326293e-001  8.0978185e-001  2.4352936e+000
  6.3287983e-001  8.1431796e-001  2.4407458e+000
  6.3249719e-001  8.1890921e-001  2.4461584e+000
  6.3211502e-001  8.2355501e-001  2.4515289e+000
  6.3173331e-001  8.2825475e-001  2.4568548e+000
  6.3135205e-001  8.3300776e-001  2.4621334e+000
  6.3097126e-001  8.3781337e-001  2.4673624e+000
  6.3059093e-001  8.4267086e-001  2.4725389e+000
  6.3021106e-001  8.4757947e-001  2.4776604e+000
  6.2983164e-001  8.5253843e-001  2.4827242e+000
  6.2945268e-001  8.5754693e-001  2.4877276e+000
  6.2907418e-001  8.6260411e-001  2.4926678e+000
  6.2869613e-001  8.6770910e-001  2.4975422e+000
  6.2831853e-001  8.7286097e-001  2.5023478e+000
  6.2794139e-001  8.7805878e-001  2.5070819e+000
  6.2756470e-001  8.8330154e-001  2.5117416e+000
  6.2718846e-001  8.8858822e-001  2.5163242e+000
  6.2681267e-001  8.9391777e-001  2.5208265e+000
  6.2643734e-001  8.9928910e-001  2.5252459e+000
  6.2606245e-001  9.0470106e-001  2.5295793e+000
  6.2568801e-001  9.1015249e-001  2.5338238e+000
  6.2531402e-001  9.1564218e-001  2.5379764e+000
  6.2494047e-001  9.2116889e-001  2.5420342e+000
  6.2456738e-001  9.2673133e-001  2.5459941e+000
  6.2419472e-001  9.3232819e-001  2.5498532e+000
  6.2382251e-001  9.3795811e-001  2.5536084e+000
  6.2345075e-001  9.4361969e-001  2.5572568e+000
  6.2307942e-001  9.4931149e-001  2.5607952e+000
  6.2270854e-001  9.5503206e-001  2.5642207e+000
  6.2233810e-001  9.6077987e-001  2.5675303e+000
  6.2196811e-001  9.6655339e-001  2.5707208e+000
  6.2159855e-001  9.7235102e-001  2.5737893e+000
  6.2122943e-001  9.7817115e-001  2.5767327e+000
  6.2086074e-001  9.8401211e-001  2.5795481e+000
  6.2049250e-001  9.8987222e-001  2.5822324e+000
  6.2012469e-001  9.9574975e-001  2.5847826e+000
  6.1975732e-001  1.0016429e+000  2.5871958e+000
  6.1939038e-001  1.0075499e+000  2.5894690e+000
  6.1902388e-001  1.0134690e+000  2.5915992e+000
  6.1865781e-001  1.0193981e+000  2.5935836e+000
  6.1829217e-001  1.0253356e+000  2.5954192e+000
  6.1792697e-001  1.0312793e+000  2.5971031e+000
  6.1756219e-001  1.0372273e+000  2.5986327e+000
  6.1719785e-001  1.0431777e+000  2.6000050e+000
  6.1683393e-001  1.0491285e+000  2.6012173e+000
  6.1647045e-001  1.0550774e+000  2.6022669e+000
  6.1610739e-001  1.0610226e+000  2.6031511e+000
  6.1574476e-001  1.0669619e+000  2.6038673e+000
  6.1538256e-001  1.0728930e+000  2.6044129e+000
  6.1502078e-001  1.0788140e+000  2.6047854e+000
  6.1465943e-001  1.0847226e+000  2.6049823e+000
  6.1429850e-001  1.0906166e+000  2.6050012e+000
  6.1393800e-001  1.0964937e+000  2.6048399e+000
  6.1357792e-001  1.1023519e+000  2.6044959e+000
  6.1321826e-001  1.1081887e+000  2.6039671e+000
  6.1285902e-001  1.1140019e+000  2.6032513e+000
  6.1250021e-001  1.1197893e+000  2.6023465e+000
  6.1214181e-001  1.1255486e+000  2.6012507e+000
  6.1178383e-001  1.1312774e+000  2.5999620e+000
  6.1142627e-001  1.1369734e+000  2.5984786e+000
  6.1106913e-001  1.1426344e+000  2.5967987e+000
  6.1071241e-001  1.1482580e+000  2.5949207e+000
  6.1035610e-001  1.1538419e+000  2.5928430e+000
  6.1000021e-001  1.1593838e+000  2.5905642e+000
  6.0964473e-001  1.1648813e+000  2.5880828e+000
  6.0928966e-001  1.1703322e+000  2.5853978e+000
  6.0893501e-001  1.1757341e+000  2.5825078e+000
  6.0858078e-001  1.1810847e+000  2.5794118e+000
  6.0822695e-001  1.1863818e+000  2.5761089e+000
  6.0787353e-001  1.1916231e+000  2.5725982e+000
  6.0752053e-001  1.1968064e+000  2.5688790e+000
  6.0716794e-001  1.2019293e+000  2.5649507e+000
  6.0681575e-001  1.2069897e+000  2.5608128e+000
  6.0646397e-001  1.2119853e+000  2.5564649e+000
  6.0611260e-001  1.2169141e+000  2.5519067e+000
  6.0576164e-001  1.2217738e+000  2.5471380e+000
  6.0541108e-001  1.2265623e+000  2.5421589e+000
  6.0506093e-001  1.2312776e+000  2.5369694e+000
  6.0471119e-001  1.2359176e+000  2.5315697e+000
  6.0436184e-001  1.2404802e+000  2.5259602e+000
  6.0401291e-001  1.2449636e+000  2.5201413e+000
  6.0366437e-001  1.2493657e+000  2.5141136e+000
  6.0331624e-001  1.2536846e+000  2.5078778e+000
  6.0296850e-001  1.2579186e+000  2.5014347e+000
  6.0262117e-001  1.2620657e+000  2.4947853e+000
  6.0227424e-001  1.2661243e+000  2.4879306e+000
  6.0192771e-001  1.2700926e+000  2.4808719e+000
  6.0158157e-001  1.2739689e+000  2.4736104e+000
  6.0123584e-001  1.2777516e+000  2.4661475e+000
  6.0089050e-001  1.2814392e+000  2.4584849e+000
  6.0054555e-001  1.2850302e+000  2.4506242e+000
  6.0020101e-001  1.2885231e+000  2.4425672e+000
  5.9985685e-001  1.2919166e+000  2.4343158e+000
  5.9951310e-001  1.2952092e+000  2.4258720e+000
  5.9916973e-001  1.2983998e+000  2.4172379e+000
  5.9882676e-001  1.3014872e+000  2.4084159e+000
  5.9848418e-001  1.3044701e+000  2.3994082e+000
  5.9814200e-001  1.3073476e+000  2.3902173e+000
  5.9780020e-001  1.3101186e+000  2.3808458e+000
  5.9745880e-001  1.3127822e+000  2.3712962e+000
  5.9711778e-001  1.3153375e+000  2.3615715e+000
  5.9677716e-001  1.3177837e+000  2.3516744e+000
  5.9643692e-001  1.3201200e+000  2.3416078e+000
  5.9609707e-001  1.3223458e+000  2.3313748e+000
  5.9575760e-001  1.3244605e+000  2.3209786e+000
  5.9541853e-001  1.3264635e+000  2.3104222e+000
  5.9507984e-001  1.3283543e+000  2.2997091e+000
  5.9474153e-001  1.3301327e+000  2.2888424e+000
  5.9440361e-001  1.3317981e+000  2.2778258e+000
  5.9406607e-001  1.3333505e+000  2.2666626e+000
  5.9372892e-001  1.3347895e+000  2.2553564e+000
  5.9339215e-001  1.3361151e+000  2.2439108e+000
  5.9305576e-001  1.3373273e+000  2.2323295e+000
  5.9271975e-001  1.3384259e+000  2.2206162e+000
  5.9238412e-001  1.3394111e+000  2.2087748e+000
  5.9204887e-001  1.3402830e+000  2.1968089e+000
  5.9171400e-001  1.3410419e+000  2.1847225e+000
  5.9137951e-001  1.3416880e+000  2.1725194e+000
  5.9104540e-001  1.3422216e+000  2.1602036e+000
  5.9071166e-001  1.3426432e+000  2.1477791e+000
  5.9037830e-001  1.3429531e+000  2.1352497e+000
  5.9004532e-001  1.3431520e+000  2.1226196e+000
  5.8971271e-001  1.3432403e+000  2.1098927e+000
  5.8938048e-001  1.3432187e+000  2.0970731e+000
  5.8904862e-001  1.3430880e+000  2.0841647e+000
  5.8871714e-001  1.3428487e+000  2.0711717e+000
  5.8838603e-001  1.3425018e+000  2.0580981e+000
  5.8805529e-001  1.3420481e+000  2.0449479e+000
  5.8772492e-001  1.3414884e+000  2.0317252e+000
  5.8739492e-001  1.3408238e+000  2.0184340e+000
  5.8706529e-001  1.3400551e+000  2.0050782e+000
  5.8673604e-001  1.3391835e+000  1.9916620e+000
  5.8640715e-001  1.3382100e+000  1.9781893e+000
  5.8607863e-001  1.3371357e+000  1.9646640e+000
  5.8575048e-001  1.3359619e+000  1.9510901e+000
  5.8542269e-001  1.3346895e+000  1.9374715e+000
  5.8509528e-001  1.3333201e+000  1.9238121e+000
  5.8476822e-001  1.3318546e+000  1.9101156e+000
  5.8444154e-001  1.3302946e+000  1.8963859e+000
  5.8411522e-001  1.3286413e+000  1.8826268e+000
  5.8378926e-001  1.3268961e+000  1.8688419e+000
  5.8346367e-001  1.3250603e+000  1.8550350e+000
  5.8313844e-001  1.3231354e+000  1.8412096e+000
  5.8281357e-001  1.3211228e+000  1.8273694e+000
  5.8248906e-001  1.3190240e+000  1.8135179e+000
  5.8216492e-001  1.3168404e+000  1.7996585e+000
  5.8184113e-001  1.3145735e+000  1.7857947e+000
  5.8151771e-001  1.3122250e+000  1.7719298e+000
  5.8119464e-001  1.3097962e+000  1.7580672e+000
  5.8087193e-001  1.3072888e+000  1.7442100e+000
  5.8054959e-001  1.3047042e+000  1.7303616e+000
  5.8022759e-001  1.3020442e+000  1.7165249e+000
  5.7990596e-001  1.2993101e+000  1.7027030e+000
  5.7958468e-001  1.2965037e+000  1.6888991e+000
  5.7926376e-001  1.2936265e+000  1.6751159e+000
  5.7894320e-001  1.2906801e+000  1.6613564e+000
  5.7862298e-001  1.2876662e+000  1.6476233e+000
  5.7830313e-001  1.2845862e+000  1.6339194e+000
  5.7798362e-001  1.2814418e+000  1.6202474e+000
  5.7766447e-001  1.2782347e+000  1.6066099e+000
  5.7734567e-001  1.2749663e+000  1.5930093e+000
  5.7702722e-001  1.2716384e+000  1.5794482e+000
  5.7670913e-001  1.2682525e+000  1.5659289e+000
  5.7639138e-001  1.2648101e+000  1.5524537e+000
  5.7607398e-001  1.2613129e+000  1.5390250e+000
  5.7575694e-001  1.2577624e+000  1.5256450e+000
  5.7544024e-001  1.2541602e+000  1.5123156e+000
  5.7512389e-001  1.2505078e+000  1.4990390e+000
  5.7480789e-001  1.2468069e+000  1.4858172e+000
  5.7449223e-001  1.2430588e+000  1.4726521e+000
  5.7417692e-001  1.2392652e+000  1.4595455e+000
  5.7386196e-001  1.2354275e+000  1.4464992e+000
  5.7354734e-001  1.2315473e+000  1.4335149e+000
  5.7323307e-001  1.2276259e+000  1.4205944e+000
  5.7291914e-001  1.2236649e+000  1.4077391e+000
  5.7260556e-001  1.2196658e+000  1.3949506e+000
  5.7229232e-001  1.2156299e+000  1.3822303e+000
  5.7197942e-001  1.2115586e+000  1.3695797e+000
  5.7166686e-001  1.2074535e+000  1.3570001e+000
  5.7135464e-001  1.2033157e+000  1.3444927e+000
  5.7104277e-001  1.1991468e+000  1.3320589e+000
  5.7073123e-001  1.1949480e+000  1.3196996e+000
  5.7042004e-001  1.1907206e+000  1.3074162e+000
  5.7010918e-001  1.1864660e+000  1.2952094e+000
  5.6979867e-001  1.1821855e+000  1.2830805e+000
  5.6948849e-001  1.1778802e+000  1.2710303e+000
  5.6917865e-001  1.1735516e+000  1.2590596e+000
  5.6886914e-001  1.1692007e+000  1.2471693e+000
  5.6855997e-001  1.1648287e+000  1.2353602e+000
  5.6825114e-001  1.1604370e+000  1.2236331e+000
  5.6794265e-001  1.1560265e+000  1.2119884e+000
  5.6763448e-001  1.1515985e+000  1.2004270e+000
  5.6732666e-001  1.1471541e+000  1.1889494e+000
  5.6701916e-001  1.1426943e+000  1.1775561e+000
  5.6671200e-001  1.1382203e+000  1.1662475e+000
  5.6640517e-001  1.1337331e+000  1.1550242e+000
  5.6609868e-001  1.1292337e+000  1.1438866e+000
  5.6579251e-001  1.1247232e+000  1.1328349e+000
  5.6548668e-001  1.1202025e+000  1.1218696e+000
  5.6518117e-001  1.1156726e+000  1.1109908e+000
  5.6487600e-001  1.1111344e+000  1.1001989e+000
  5.6457116e-001  1.1065890e+000  1.0894940e+000
  5.6426664e-001  1.1020371e+000  1.0788763e+000
  5.6396245e-001  1.0974797e+000  1.0683460e+000
  5.6365860e-001  1.0929176e+000  1.0579030e+000
  5.6335506e-001  1.0883517e+000  1.0475476e+000
  5.6305186e-001  1.0837828e+000  1.0372797e+000
  5.6274898e-001  1.0792117e+000  1.0270993e+000
  5.6244643e-001  1.0746392e+000  1.0170064e+000
  5.6214420e-001  1.0700661e+000  1.0070010e+000
  5.6184230e-001  1.0654931e+000  9.9708289e-001
  5.6154072e-001  1.0609209e+000  9.8725203e-001
  5.6123946e-001  1.0563502e+000  9.7750827e-001
  5.6093853e-001  1.0517818e+000  9.6785145e-001
  5.6063792e-001  1.0472162e+000  9.5828137e-001
  5.6033763e-001  1.0426542e+000  9.4879782e-001
  5.6003766e-001  1.0380964e+000  9.3940058e-001
  5.5973802e-001  1.0335434e+000  9.3008937e-001
  5.5943869e-001  1.0289957e+000  9.2086394e-001
  5.5913969e-001  1.0244540e+000  9.1172397e-001
  5.5884100e-001  1.0199189e+000  9.0266916e-001
  5.5854263e-001  1.0153909e+000  8.9369916e-001
  5.5824459e-001  1.0108704e+000  8.8481364e-001
  5.5794686e-001  1.0063581e+000  8.7601222e-001
  5.5764944e-001  1.0018544e+000  8.6729451e-001
  5.5735235e-001  9.9735983e-001  8.5866013e-001
  5.5705557e-001  9.9287482e-001  8.5010865e-001
  5.5675910e-001  9.8839982e-001  8.4163964e-001
  5.5646295e-001  9.8393529e-001  8.3325267e-001
  5.5616712e-001  9.7948163e-001  8.2494729e-001
  5.5587160e-001  9.7503927e-001  8.1672302e-001
  5.5557640e-001  9.7060858e-001  8.0857939e-001
  5.5528150e-001  9.6618996e-001  8.0051593e-001
  5.5498693e-001  9.6178377e-001  7.9253212e-001
  5.5469266e-001  9.5739036e-001  7.8462746e-001
  5.5439870e-001  9.5301007e-001  7.7680144e-001
  5.5410506e-001  9.4864324e-001  7.6905354e-001
  5.5381173e-001  9.4429016e-001  7.6138322e-001
  5.5351871e-001  9.3995116e-001  7.5378995e-001
  5.5322599e-001  9.3562651e-001  7.4627318e-001
  5.5293359e-001  9.3131651e-001  7.3883236e-001
  5.5264150e-001  9.2702141e-001  7.3146693e-001
  5.5234971e-001  9.2274147e-001  7.2417634e-001
  5.5205823e-001  9.1847695e-001  7.1696000e-001
  5.5176706e-001  9.1422807e-001  7.0981736e-001
  5.5147620e-001  9.0999507e-001  7.0274783e-001
  5.5118564e-001  9.0577815e-001  6.9575083e-001
  5.5089539e-001  9.0157753e-001  6.8882579e-001
  5.5060545e-001  8.9739339e-001  6.8197211e-001
  5.5031581e-001  8.9322593e-001  6.7518921e-001
  5.5002647e-001  8.8907533e-001  6.6847650e-001
  5.4973744e-001  8.8494174e-001  6.6183338e-001
  5.4944872e-001  8.8082534e-001  6.5525926e-001
  5.4916029e-001  8.7672628e-001  6.4875354e-001
  5.4887217e-001  8.7264468e-001  6.4231563e-001
  5.4858435e-001  8.6858071e-001  6.3594492e-001
  5.4829683e-001  8.6453447e-001  6.2964083e-001
  5.4800961e-001  8.6050608e-001  6.2340274e-001
  5.4772270e-001  8.5649567e-001  6.1723007e-001
  5.4743608e-001  8.5250334e-001  6.1112222e-001
  5.4714977e-001  8.4852918e-001  6.0507858e-001
  5.4686375e-001  8.4457329e-001  5.9909857e-001
  5.4657803e-001  8.4063575e-001  5.9318158e-001
  5.4629261e-001  8.3671664e-001  5.8732702e-001
  5.4600749e-001  8.3281603e-001  5.8153430e-001
  5.4572267e-001  8.2893399e-001  5.7580283e-001
  5.4543814e-001  8.2507057e-001  5.7013201e-001
  5.4515391e-001  8.2122584e-001  5.6452126e-001
  5.4486998e-001  8.1739984e-001  5.5897000e-001
  5.4458634e-001  8.1359261e-001  5.5347763e-001
  5.4430299e-001  8.0980420e-001  5.4804358e-001
  5.4401994e-001  8.0603463e-001  5.4266726e-001
  5.4373719e-001  8.0228393e-001  5.3734811e-001
  5.4345473e-001  7.9855214e-001  5.3208554e-001
  5.4317256e-001  7.9483926e-001  5.2687900e-001
  5.4289069e-001  7.9114531e-001  5.2172790e-001
  5.4260910e-001  7.8747030e-001  5.1663168e-001
  5.4232781e-001  7.8381423e-001  5.1158979e-001
  5.4204682e-001  7.8017712e-001  5.0660166e-001
  5.4176611e-001  7.7655895e-001  5.0166674e-001
  5.4148569e-001  7.7295972e-001  4.9678448e-001
  5.4120556e-001  7.6937943e-001  4.9195433e-001
  5.4092573e-001  7.6581805e-001  4.8717575e-001
  5.4064618e-001  7.6227557e-001  4.8244819e-001
  5.4036692e-001  7.5875197e-001  4.7777112e-001
  5.4008795e-001  7.5524723e-001  4.7314400e-001
  5.3980926e-001  7.5176132e-001  4.6856631e-001
  5.3953087e-001  7.4829421e-001  4.6403753e-001
  5.3925276e-001  7.4484588e-001  4.5955712e-001
  5.3897494e-001  7.4141628e-001  4.5512457e-001
  5.3869740e-001  7.3800538e-001  4.5073938e-001
  5.3842015e-001  7.3461313e-001  4.4640102e-001
  5.3814319e-001  7.3123950e-001  4.4210900e-001
  5.3786651e-001  7.2788444e-001  4.3786282e-001
  5.3759011e-001  7.2454790e-001  4.3366197e-001
  5.3731400e-001  7.2122984e-001  4.2950596e-001
  5.3703817e-001  7.1793020e-001  4.2539431e-001
  5.3676262e-001  7.1464892e-001  4.2132654e-001
  5.3648736e-001  7.1138596e-001  4.1730216e-001
  5.3621238e-001  7.0814125e-001  4.1332069e-001
  5.3593768e-001  7.0491474e-001  4.0938168e-001
  5.3566326e-001  7.0170636e-001  4.0548464e-001
  5.3538913e-001  6.9851606e-001  4.0162911e-001
  5.3511527e-001  6.9534376e-001  3.9781465e-001
  5.3484169e-001  6.9218940e-001  3.9404079e-001
  5.3456840e-001  6.8905292e-001  3.9030708e-001
  5.3429538e-001  6.8593424e-001  3.8661309e-001
  5.3402264e-001  6.8283330e-001  3.8295836e-001
  5.3375018e-001  6.7975002e-001  3.7934246e-001
  5.3347800e-001  6.7668433e-001  3.7576496e-001
  5.3320609e-001  6.7363617e-001  3.7222544e-001
  5.3293446e-001  6.7060544e-001  3.6872345e-001
  5.3266311e-001  6.6759208e-001  3.6525860e-001
  5.3239204e-001  6.6459602e-001  3.6183045e-001
  5.3212124e-001  6.6161717e-001  3.5843861e-001
  5.3185071e-001  6.5865545e-001  3.5508265e-001
  5.3158046e-001  6.5571079e-001  3.5176219e-001
  5.3131049e-001  6.5278310e-001  3.4847682e-001
  5.3104079e-001  6.4987231e-001  3.4522614e-001
  5.3077136e-001  6.4697833e-001  3.4200977e-001
  5.3050221e-001  6.4410108e-001  3.3882732e-001
  5.3023333e-001  6.4124048e-001  3.3567840e-001
  5.2996472e-001  6.3839645e-001  3.3256265e-001
  5.2969638e-001  6.3556889e-001  3.2947967e-001
  5.2942832e-001  6.3275774e-001  3.2642912e-001
  5.2916052e-001  6.2996289e-001  3.2341061e-001
  5.2889300e-001  6.2718427e-001  3.2042378e-001
  5.2862575e-001  6.2442179e-001  3.1746829e-001
  5.2835876e-001  6.2167537e-001  3.1454377e-001
  5.2809205e-001  6.1894491e-001  3.1164987e-001
  5.2782561e-001  6.1623033e-001  3.0878625e-001
  5.2755943e-001  6.1353155e-001  3.0595256e-001
  5.2729353e-001  6.1084848e-001  3.0314846e-001
  5.2702789e-001  6.0818103e-001  3.0037363e-001
  5.2676251e-001  6.0552911e-001  2.9762772e-001
  5.2649741e-001  6.0289263e-001  2.9491042e-001
  5.2623257e-001  6.0027152e-001  2.9222139e-001
  5.2596800e-001  5.9766567e-001  2.8956031e-001
  5.2570370e-001  5.9507500e-001  2.8692688e-001
  5.2543966e-001  5.9249943e-001  2.8432077e-001
  5.2517588e-001  5.8993886e-001  2.8174167e-001
  5.2491237e-001  5.8739322e-001  2.7918929e-001
  5.2464912e-001  5.8486240e-001  2.7666331e-001
  5.2438614e-001  5.8234632e-001  2.7416344e-001
  5.2412342e-001  5.7984490e-001  2.7168939e-001
  5.2386097e-001  5.7735804e-001  2.6924085e-001
  5.2359878e-001  5.7488566e-001  2.6681755e-001
