# wavelength(nm) Cross_section(nm^2)
400  22.96281602
401  22.75544118
402  22.55278418
403  22.35421634
404  22.15912907
405  21.96693230
406  21.77705333
407  21.58893587
408  21.40203947
409  21.21583915
410  21.02982542
411  20.84350439
412  20.65639825
413  20.46804597
414  20.27806358
415  20.08669234
416  19.89452450
417  19.70213829
418  19.51009236
419  19.31892537
420  19.12915589
421  18.94128261
422  18.75578485
423  18.57312340
424  18.39374161
425  18.21806665
426  18.04651110
427  17.87947476
428  17.71734655
429  17.56050678
430  17.40932952
431  17.26416585
432  17.12492363
433  16.99108040
434  16.86211186
435  16.73750864
436  16.61677385
437  16.49942092
438  16.38497185
439  16.27295554
440  16.16290661
441  16.05436429
442  15.94687169
443  15.83997529
444  15.73322468
445  15.62617255
446  15.51837498
447  15.40939199
448  15.29878826
449  15.18613423
450  15.07100744
451  14.95299418
452  14.83191525
453  14.70826211
454  14.58264342
455  14.45565896
456  14.32789796
457  14.19993796
458  14.07234397
459  13.94566822
460  13.82045016
461  13.69721696
462  13.57648434
463  13.45875782
464  13.34453431
465  13.23430412
466  13.12855328
467  13.02776630
468  12.93242927
469  12.84303347
470  12.76007930
471  12.68408080
472  12.61556282
473  12.55495615
474  12.50262726
475  12.45896892
476  12.42440575
477  12.39939768
478  12.38444383
479  12.38008686
480  12.38691785
481  12.40558172
482  12.43678342
483  12.48129486
484  12.53996273
485  12.61371744
486  12.70358313
487  12.81068917
488  12.93628314
489  13.08174565
490  13.24860718
491  13.43856736
492  13.65351679
493  13.89556209
494  14.16705426
495  14.47062108
496  14.80920352
497  15.18567599
498  15.60194804
499  16.05983979
500  16.56128088
501  17.10828779
502  17.70293379
503  18.34730995
504  19.04347485
505  19.79339119
506  20.59884665
507  21.46135677
508  22.38204762
509  23.36151647
510  24.39966952
511  25.49553693
512  26.64706750
513  27.85090781
514  29.10217401
515  30.39422877
516  31.71848015
517  33.06422401
518  34.41855542
519  35.76637681
520  37.09053021
521  38.37207779
522  39.59255468
523  40.73851917
524  41.79822880
525  42.76108358
526  43.61796350
527  44.36151331
528  44.98635663
529  45.48922627
530  45.86900443
531  46.12667342
532  46.26518430
533  46.28925619
534  46.20512336
535  46.02024852
536  45.74302133
537  45.38245905
538  44.94792402
539  44.44886850
540  43.89461445
541  43.29417176
542  42.65609591
543  41.98838333
544  41.29840125
545  40.59284770
546  39.87773685
547  39.15840465
548  38.43953022
549  37.72514089
550  37.01764985
551  36.31782560
552  35.62624930
553  34.94342110
554  34.26976776
555  33.60564980
556  32.95136793
557  32.30716907
558  31.67325176
559  31.04977118
560  30.43684359
561  29.83455051
562  29.24294239
563  28.66204201
564  28.09184752
565  27.53233516
566  26.98346180
567  26.44516712
568  25.91737569
569  25.39999871
570  24.89293573
571  24.39607603
572  23.90930004
573  23.43248046
574  22.96548334
575  22.50816908
576  22.06039325
577  21.62200741
578  21.19285977
579  20.77279586
580  20.36165907
581  19.95929117
582  19.56553275
583  19.18025065
584  18.80344735
585  18.43514502
586  18.07533618
587  17.72398718
588  17.38104138
589  17.04642218
590  16.72003565
591  16.40177304
592  16.09151297
593  15.78912344
594  15.49446366
595  15.20738564
596  14.92773565
597  14.65535551
598  14.39008376
599  14.13175664
600  13.88020897
601  13.63527499
602  13.39678901
603  13.16458599
604  12.93850210
605  12.71837512
606  12.50404485
607  12.29535342
608  12.09214555
609  11.89426877
610  11.70157365
611  11.51391387
612  11.33114639
613  11.15313154
614  10.97973302
615  10.81081801
616  10.64625716
617  10.48592453
618  10.32968546
619  10.17738375
620  10.02886744
621   9.88399224
622   9.74262102
623   9.60462343
624   9.46987547
625   9.33825909
626   9.20966191
627   9.08397682
628   8.96110173
629   8.84093925
630   8.72339646
631   8.60838463
632   8.49581901
633   8.38561862
634   8.27770601
635   8.17200711
636   8.06845103
637   7.96696991
638   7.86749874
639   7.76997523
640   7.67433967
641   7.58053480
642   7.48850566
643   7.39819953
644   7.30956577
645   7.22255574
646   7.13712269
647   7.05322171
648   6.97080957
649   6.88984472
650   6.81028715
651   6.73209836
652   6.65524125
653   6.57968010
654   6.50538047
655   6.43230918
656   6.36043421
657   6.28972468
658   6.22015080
659   6.15168380
660   6.08429602
661   6.01796348
662   5.95266548
663   5.88838188
664   5.82509295
665   5.76277935
666   5.70142216
667   5.64100284
668   5.58150323
669   5.52290558
670   5.46519249
671   5.40834694
672   5.35235229
673   5.29719224
674   5.24285085
675   5.18931251
676   5.13656198
677   5.08458432
678   5.03336493
679   4.98288954
680   4.93314418
681   4.88411517
682   4.83578917
683   4.78815309
684   4.74119415
685   4.69489985
686   4.64925796
687   4.60425652
688   4.55988382
689   4.51612842
690   4.47297913
691   4.43042499
692   4.38845529
693   4.34705955
694   4.30622751
695   4.26594915
696   4.22621465
697   4.18701441
698   4.14833903
699   4.11017930
700   4.07252624
701   4.03537103
702   3.99870506
703   3.96251988
704   3.92680724
705   3.89155903
706   3.85676711
707   3.82242331
708   3.78851961
709   3.75504822
710   3.72200149
711   3.68937196
712   3.65715235
713   3.62533554
714   3.59391455
715   3.56288259
716   3.53223300
717   3.50195928
718   3.47205506
719   3.44251412
720   3.41333038
721   3.38449787
722   3.35601078
723   3.32786340
724   3.30005017
725   3.27256561
726   3.24540439
727   3.21856128
728   3.19203116
729   3.16580901
730   3.13988993
731   3.11426912
732   3.08894186
733   3.06390353
734   3.03914964
735   3.01467575
736   2.99047751
737   2.96655070
738   2.94289114
739   2.91949475
740   2.89635753
741   2.87347557
742   2.85084501
743   2.82846209
744   2.80632312
745   2.78442447
746   2.76276259
747   2.74133399
748   2.72013525
749   2.69916303
750   2.67841402
751   2.65788501
752   2.63757282
753   2.61747435
754   2.59758654
755   2.57790641
756   2.55843101
757   2.53915747
758   2.52008302
759   2.50120495
760   2.48252060
761   2.46402734
762   2.44572261
763   2.42760386
764   2.40966863
765   2.39191445
766   2.37433893
767   2.35693969
768   2.33971443
769   2.32266085
770   2.30577669
771   2.28905976
772   2.27250788
773   2.25611891
774   2.23989074
775   2.22382131
776   2.20790858
777   2.19215054
778   2.17654523
779   2.16109070
780   2.14578505
781   2.13062641
782   2.11561291
783   2.10074275
784   2.08601414
785   2.07142531
786   2.05697452
787   2.04266008
788   2.02848030
789   2.01443353
790   2.00051813
791   1.98673251
792   1.97307508
793   1.95954430
794   1.94613863
795   1.93285655
796   1.91969660
797   1.90665730
798   1.89373721
799   1.88093492
800   1.86824903
